10
0 555792321 860756629 467368389 805239040 69695992 206451481 858919735 418420252 339369023
555792321 0 129105771 167190881 965846421 576866236 862548007 841092368 910580260 508529104
860756629 129105771 0 369017867 863391791 798612463 678346479 249341656 75891669 299840089
467368389 167190881 369017867 0 549496091 143642779 318172210 810884533 947763497 573261664
805239040 965846421 863391791 549496091 0 947130137 994568509 517785046 146441135 486879064
69695992 576866236 798612463 143642779 947130137 0 279847381 940168652 500729118 512433846
206451481 862548007 678346479 318172210 994568509 279847381 0 334129475 525628131 453983480
858919735 841092368 249341656 810884533 517785046 940168652 334129475 0 131862236 850710263
418420252 910580260 75891669 947763497 146441135 500729118 525628131 131862236 0 61687269
339369023 508529104 299840089 573261664 486879064 512433846 453983480 850710263 61687269 0
