500 3
51.740082 0.947073 47.312845
2.597356 0.872598 96.530045
7.222864 3.953015 88.824122
0.838432 24.717767 74.443800
7.940033 57.528274 34.531693
2.096741 62.535358 35.367901
26.248393 2.027006 71.724601
8.251973 35.212488 56.535539
64.017753 15.211349 20.770898
0.024915 50.998981 48.976104
47.904695 22.425210 29.670095
15.264120 1.548527 83.187353
19.025423 0.903163 80.071413
25.270689 56.213731 18.515580
60.831442 12.455706 26.712851
39.058085 27.807969 33.133946
44.518855 13.319824 42.161321
52.535312 46.012007 1.452681
8.828534 2.521300 88.650166
13.860710 70.229991 15.909299
7.195144 3.837298 88.967559
0.015712 0.060584 99.923704
70.474995 11.262728 18.262276
23.537798 67.498915 8.963286
2.411773 9.008253 88.579974
0.205011 33.215809 66.579180
48.676629 3.253667 48.069704
25.352533 42.395506 32.251961
13.654250 19.607873 66.737877
2.734539 49.299519 47.965941
5.646951 63.810125 30.542924
11.281776 28.352613 60.365612
70.537711 13.635390 15.826899
11.477241 23.152111 65.370647
14.616003 19.534209 65.849788
14.345855 13.526700 72.127445
5.875712 52.768656 41.355632
16.508525 50.314803 33.176672
4.083772 28.842647 67.073580
59.466510 2.830924 37.702567
18.485306 35.581285 45.933409
25.377254 59.882306 14.740440
15.214770 21.810286 62.974944
33.958297 22.821390 43.220313
43.851428 5.387135 50.761437
73.823934 10.443775 15.732292
51.423625 10.379409 38.196966
19.139449 27.996389 52.864162
1.179987 44.201037 54.618976
16.619064 68.374985 15.005951
50.246441 38.730274 11.023286
26.943468 64.563230 8.493301
60.932825 8.719569 30.347606
22.833966 44.209096 32.956938
45.085541 6.313733 48.600726
8.236130 25.007682 66.756188
17.696884 23.475637 58.827479
27.722379 34.898550 37.379070
57.080065 23.250755 19.669179
14.661913 11.654197 73.683889
69.158892 30.368071 0.473037
12.923363 0.248426 86.828211
5.866909 9.325205 84.807886
4.263103 18.921809 76.815088
91.394695 4.393751 4.211554
18.474535 70.053557 11.471908
33.164508 42.680092 24.155400
6.240733 18.964504 74.794763
7.671223 38.365949 53.962828
48.152787 20.382630 31.464583
55.103545 42.232189 2.664266
61.069882 34.437794 4.492325
23.021084 24.346694 52.632221
3.494440 83.712201 12.793359
19.734586 7.442147 72.823267
26.151951 8.236306 65.611744
51.037419 5.372994 43.589587
23.590941 15.765729 60.643330
28.000130 57.125149 14.874722
6.630685 10.590910 82.778405
0.725893 29.612557 69.661550
24.147633 25.600590 50.251778
49.213582 36.198571 14.587848
61.511439 33.306518 5.182043
28.808401 1.591086 69.600513
2.738426 1.979736 95.281838
19.744525 1.792387 78.463088
9.128634 47.202431 43.668935
26.608480 61.309243 12.082278
33.369769 12.975639 53.654592
8.509322 5.022585 86.468093
13.576670 41.081980 45.341350
12.555460 20.251937 67.192602
28.878433 0.178240 70.943327
9.329216 8.380675 82.290109
29.005982 65.302316 5.691702
35.389758 49.216706 15.393536
6.647989 32.147140 61.204871
78.490940 20.459223 1.049837
24.856062 56.957959 18.185980
5.796534 0.172887 94.030580
18.852496 55.798830 25.348674
61.269639 4.174253 34.556108
14.641470 23.958341 61.400189
8.475385 10.223305 81.301309
13.373124 79.622878 7.003998
57.469351 8.511666 34.018983
45.263123 31.139965 23.596912
63.554149 18.708494 17.737358
6.482335 7.650786 85.866878
6.329404 43.369989 50.300607
27.433411 7.699497 64.867092
3.523096 31.258850 65.218055
40.564147 50.875411 8.560442
16.028726 72.331514 11.639760
45.804596 37.480416 16.714988
74.490118 22.107068 3.402814
1.241272 41.753204 57.005524
55.770809 5.333351 38.895840
31.212222 49.597740 19.190039
10.598670 25.629853 63.771477
0.187008 45.541927 54.271065
0.322347 1.408052 98.269601
4.054864 0.474083 95.471053
49.404031 49.527821 1.068148
29.396950 62.674342 7.928709
4.729609 3.720966 91.549425
5.956225 30.052564 63.991211
79.952757 17.743096 2.304147
4.628299 4.438750 90.932951
1.858247 14.301304 83.840449
3.054599 8.896450 88.048952
44.309212 22.450028 33.240761
10.030541 30.021950 59.947508
12.974937 18.224135 68.800928
30.005681 7.083464 62.910855
74.262102 3.373935 22.363964
2.199565 86.560468 11.239967
16.875934 11.747376 71.376690
47.131793 12.443390 40.424818
13.551426 4.060805 82.387768
24.224171 1.756237 74.019593
6.389432 5.576876 88.033692
3.134491 5.740292 91.125217
2.956551 27.827469 69.215979
35.883912 22.818441 41.297647
8.860004 26.648282 64.491714
78.892663 17.271160 3.836177
16.076734 5.484593 78.438673
17.879756 43.868344 38.251900
26.407621 62.633182 10.959197
62.141911 15.045504 22.812586
7.493238 13.183052 79.323710
69.105315 2.802397 28.092288
17.012007 28.109609 54.878384
34.582577 43.111444 22.305979
7.821248 5.893770 86.284982
30.590392 14.006306 55.403302
2.862458 66.002559 31.134983
62.377376 18.920881 18.701743
7.782177 24.341606 67.876217
1.236152 71.745812 27.018036
47.053219 43.125925 9.820856
13.998339 65.883859 20.117801
6.020746 0.705534 93.273721
38.281280 31.343648 30.375072
26.479902 12.071080 61.449019
5.463054 81.014194 13.522752
17.475275 66.264463 16.260262
6.368286 4.261311 89.370403
5.079355 35.229492 59.691153
5.905794 4.757373 89.336833
2.202456 1.081335 96.716208
42.241633 0.038710 57.719657
27.850775 50.529913 21.619312
34.911758 61.551146 3.537095
13.985992 26.426618 59.587390
1.474444 48.694934 49.830622
2.180048 12.383385 85.436567
17.765373 4.943450 77.291177
6.644739 1.967585 91.387677
42.340875 48.521883 9.137242
0.002267 74.288940 25.708792
52.992848 12.972910 34.034242
25.188386 0.642480 74.169134
65.087185 20.923131 13.989685
65.282787 28.616563 6.100650
8.938541 16.962518 74.098941
26.682404 16.299865 57.017731
25.465731 53.552793 20.981475
0.884715 29.502565 69.612720
8.209379 4.971566 86.819056
9.715557 25.252551 65.031892
53.184014 0.980236 45.835749
21.315475 12.376960 66.307566
63.412656 36.450010 0.137333
44.199988 9.994781 45.805231
9.200503 9.049566 81.749931
75.802142 5.639552 18.558306
25.068934 7.207442 67.723624
42.983788 3.602716 53.413495
12.650812 32.095427 55.253761
17.112995 59.116138 23.770867
3.716032 2.714218 93.569750
22.627897 7.469457 69.902646
11.034433 69.384891 19.580676
4.829729 0.547632 94.622639
3.340162 2.552962 94.106876
24.631133 11.106041 64.262825
3.458486 11.016443 85.525071
47.476780 15.736209 36.787011
0.562849 1.619224 97.817927
2.759750 8.315417 88.924833
1.651430 8.566167 89.782403
16.282238 19.522077 64.195685
4.692169 12.965841 82.341990
8.071665 78.191954 13.736381
5.677921 93.495027 0.827052
6.515624 41.743295 51.741081
27.620709 23.293320 49.085971
0.449278 2.099017 97.451704
36.088413 1.626361 62.285226
5.875305 68.599014 25.525681
47.975781 16.689888 35.334330
0.042912 3.250035 96.707053
5.152543 21.096427 73.751030
5.327367 4.072334 90.600299
25.559424 10.586698 63.853877
6.607983 80.876376 12.515641
87.815159 2.998769 9.186071
3.160550 0.651211 96.188238
5.895431 64.095719 30.008850
8.015045 17.730370 74.254585
27.008642 0.226076 72.765282
7.951082 53.626114 38.422803
4.453830 69.178178 26.367992
30.637364 8.237113 61.125523
2.528272 5.241741 92.229987
96.340635 3.073410 0.585955
21.652970 73.531209 4.815821
17.995549 20.836203 61.168249
14.118408 36.133370 49.748222
29.232615 39.922327 30.845058
13.579807 10.261253 76.158940
2.550496 29.716724 67.732780
23.859912 25.845584 50.294504
25.187394 17.337098 57.475509
30.456946 22.315660 47.227393
15.633297 70.911092 13.455611
2.076016 70.445118 27.478866
11.126240 47.270927 41.602832
2.174038 2.312183 95.513779
15.272780 42.965691 41.761528
10.697668 2.376462 86.925871
8.062552 24.500698 67.436750
11.897516 6.862212 81.240272
3.005540 81.167561 15.826899
12.241628 0.628028 87.130345
28.294816 1.701827 70.003357
2.885686 0.108180 97.006134
28.812422 6.094649 65.092929
12.312338 29.879502 57.808161
56.160055 43.455412 0.384533
28.007365 17.120355 54.872280
2.695909 28.094215 69.209876
6.280844 37.949632 55.769524
41.794068 29.759630 28.446303
62.220927 26.801565 10.977508
1.123652 19.308490 79.567858
1.754849 39.973109 58.272042
14.802487 2.120027 83.077486
7.512628 64.825395 27.661977
11.022292 10.737405 78.240303
4.268006 1.860111 93.871883
2.371848 67.707806 29.920347
14.537705 12.407087 73.055208
16.872837 8.634533 74.492630
2.199642 87.002910 10.797449
11.310192 2.084382 86.605426
26.016779 15.796631 58.186590
12.202695 49.038798 38.758507
5.792596 11.401533 82.805872
20.975538 3.530825 75.493637
10.487367 77.897289 11.615345
10.451013 15.419527 74.129460
30.139057 17.335536 52.525407
7.907032 78.197891 13.895077
2.622482 5.849456 91.528062
32.389994 42.282695 25.327311
3.290726 84.373692 12.335582
51.270784 6.906651 41.822565
30.879352 33.786318 35.334330
53.516136 21.278627 25.205237
25.668236 51.607682 22.724082
10.439673 2.350634 87.209693
27.695038 25.504828 46.800134
9.881513 11.402096 78.716391
20.703568 11.163860 68.132572
26.127830 5.220783 68.651387
54.794401 24.565931 20.639668
5.112920 10.478987 84.408094
13.200572 36.471354 50.328074
27.139836 37.217597 35.642567
43.450499 51.910687 4.638813
1.032394 5.565707 93.401898
42.506597 38.236224 19.257179
51.198940 2.492274 46.308786
0.366379 0.381325 99.252297
84.416068 9.706067 5.877865
52.679889 5.909546 41.410566
2.475514 14.886466 82.638020
4.155773 1.133085 94.711142
58.126525 36.801298 5.072176
13.958853 80.367756 5.673391
60.524793 36.264660 3.210547
48.485741 5.870776 45.643483
44.675796 26.591027 28.733177
21.154726 12.147071 66.698202
44.467983 22.074575 33.457442
4.667821 12.141774 83.190405
17.385369 4.481143 78.133488
55.427512 18.830125 25.742363
6.637776 0.000000 93.362224
29.054754 6.361976 64.583270
31.783896 3.678612 64.537492
22.494354 28.447142 49.058504
28.642437 8.645077 62.712485
16.635901 23.074784 60.289315
1.050063 5.752512 93.197424
70.993140 5.281770 23.725089
10.041834 6.117717 83.840449
15.673621 5.729010 78.597369
13.388999 1.787855 84.823145
23.264613 25.714543 51.020844
89.984499 8.175235 1.840266
3.076552 69.188227 27.735221
16.428473 48.987952 34.583575
7.088057 15.632973 77.278970
2.943078 54.733853 42.323069
20.559353 63.955555 15.485092
16.969591 74.454708 8.575701
26.684167 11.067230 62.248604
67.402834 5.969767 26.627400
13.061666 0.650300 86.288034
8.483802 13.687895 77.828303
1.925828 13.116746 84.957427
37.177258 38.252290 24.570452
3.129380 1.033345 95.837275
4.674186 5.567826 89.757988
7.088450 5.848346 87.063204
29.515061 25.805841 44.679098
42.110011 34.674559 23.215430
4.736102 18.085640 77.178259
40.213317 6.071054 53.715629
15.934355 22.140538 61.925108
5.136752 74.370069 20.493179
1.720516 93.509441 4.770043
32.235032 35.839555 31.925413
1.724170 15.323469 82.952361
0.076974 0.093930 99.829096
17.390759 29.525345 53.083895
12.244618 1.342222 86.413160
9.831331 41.351261 48.817408
0.914597 40.999524 58.085879
29.597119 30.408375 39.994507
4.562274 2.475294 92.962432
4.120960 20.650914 75.228126
7.600473 53.454857 38.944670
2.603492 17.679109 79.717399
2.886147 27.818525 69.295328
48.495332 21.242514 30.262154
8.206026 59.285657 32.508316
8.876626 11.857649 79.265725
31.194323 25.380890 43.424787
5.240457 45.130343 49.629200
44.439605 43.148517 12.411878
26.807904 0.738102 72.453993
17.933033 22.552822 59.514145
10.127102 0.502495 89.370403
13.013776 76.551946 10.434278
7.913174 0.708305 91.378521
47.375870 31.392403 21.231727
62.430175 21.456052 16.113773
45.084906 26.313147 28.601947
6.375825 18.237353 75.386822
19.048652 8.329503 72.621845
49.275468 15.905964 34.818567
8.755982 2.432103 88.811914
19.065847 63.352440 17.581713
65.303557 18.253070 16.443373
45.881460 0.140452 53.978088
20.000282 60.086391 19.913327
42.292911 8.898837 48.808252
29.253395 0.685262 70.061342
3.363160 8.249133 88.387707
4.521444 13.124358 82.354198
17.848341 23.046462 59.105197
10.890531 30.339975 58.769494
0.308816 0.338177 99.353008
32.159225 37.584724 30.256050
27.089667 16.176424 56.733909
22.053253 31.268687 46.678060
20.830554 6.730712 72.438734
84.258245 4.687951 11.053804
0.874521 34.502536 64.622944
3.442145 91.497886 5.059969
8.786888 58.515581 32.697531
32.633288 64.787898 2.578814
15.821256 29.797812 54.380932
62.058320 19.725181 18.216498
2.582393 0.002524 97.415082
0.244714 12.072556 87.682730
44.127201 38.101871 17.770928
38.364234 34.806945 26.828822
28.865682 4.814545 66.319773
18.059526 15.599338 66.341136
0.911098 23.399946 75.688955
1.661206 89.515893 8.822901
6.662844 43.991778 49.345378
4.405887 90.323567 5.270547
14.045240 61.301908 24.652852
0.497535 1.773042 97.729423
9.342328 58.805504 31.852168
71.350879 3.614788 25.034333
58.109705 21.094983 20.795312
4.573196 56.891082 38.535722
3.581403 19.060279 77.358318
47.687498 27.671858 24.640645
48.071480 50.597913 1.330607
5.702687 13.237100 81.060213
21.147022 11.080524 67.772454
17.585084 38.745980 43.668935
4.642119 51.798813 43.559069
27.806819 61.398784 10.794397
11.337228 7.517107 81.145665
1.620986 36.508840 61.870174
33.873003 4.800052 61.326945
21.919360 60.807163 17.273476
86.579045 6.532927 6.888028
52.258522 11.464126 36.277352
58.916110 2.044613 39.039277
0.015481 0.048608 99.935911
0.187780 1.304575 98.507645
19.894644 4.285171 75.820185
32.761761 64.116195 3.122044
48.249433 40.281711 11.468856
33.575517 2.579761 63.844722
36.030032 10.547317 53.422651
9.018664 59.962323 31.019013
7.803753 53.501829 38.694418
1.181145 6.005964 92.812891
19.022808 25.351105 55.626087
0.078732 2.255934 97.665334
11.061142 68.039783 20.899075
54.418910 22.957719 22.623371
5.795072 24.518964 69.685965
32.663353 7.856072 59.480575
57.439571 36.850416 5.710013
32.228422 27.246049 40.525529
77.930965 13.880919 8.188116
22.233370 1.909823 75.856807
13.675600 43.870102 42.454299
0.727887 75.229632 24.042482
12.612996 16.217840 71.169164
10.667035 21.209548 68.123417
28.658608 58.331351 13.010041
8.222988 73.081373 18.695639
12.472814 41.831822 45.695364
32.056688 51.881421 16.061892
83.954520 15.865421 0.180059
43.632373 3.112828 53.254799
48.308692 8.690729 43.000580
6.470046 1.669241 91.860714
3.604176 2.862697 93.533128
2.469982 5.074193 92.455824
13.485701 13.422469 73.091830
57.986681 10.402247 31.611072
26.356597 40.872627 32.770775
37.510008 35.243066 27.246925
15.197355 27.961921 56.840724
34.908124 20.788156 44.303720
9.277699 2.120965 88.601337
94.899916 2.579255 2.520829
0.032752 24.357641 75.609607
17.668058 24.038537 58.293405
7.517427 11.410153 81.072420
6.656764 10.992090 82.351146
4.280594 37.364964 58.354442
24.276830 70.434312 5.288858
32.107936 32.444815 35.447249
32.390412 14.904122 52.705466
9.514101 84.244863 6.241035
29.824983 28.321933 41.853084
1.278811 23.154308 75.566881
13.178676 25.103742 61.717582
4.380393 40.869401 54.750206
66.092704 25.548276 8.359020
23.002861 22.301866 54.695273
1.627464 0.978817 97.393719
22.209937 4.518174 73.271889
