9
0 155357793 914514350 823792037 967412049 833456604 7240517 297651742 75678280
155357793 0 13943465 139702333 183679367 414715677 471416298 274451994 733412584
914514350 13943465 0 427411734 423875653 265608973 370322544 231012163 937105379
823792037 139702333 427411734 0 539112687 483890503 821509933 495120382 115726449
967412049 183679367 423875653 539112687 0 60141657 240506764 3456266 60116351
833456604 414715677 265608973 483890503 60141657 0 642713305 696872212 822947460
7240517 471416298 370322544 821509933 240506764 642713305 0 680996005 804643653
297651742 274451994 231012163 495120382 3456266 696872212 680996005 0 22130066
75678280 733412584 937105379 115726449 60116351 822947460 804643653 22130066 0
