1000 4
2.975115 2.347313 59.576918 35.100654
45.968773 14.698972 24.031243 15.301012
16.776375 79.579715 0.806916 2.836994
7.289549 1.768345 12.048088 78.894019
8.795976 84.538782 4.497060 2.168182
67.638878 30.707018 1.390644 0.263459
1.991217 59.100735 31.611379 7.296669
5.267586 6.039521 54.793244 33.899649
6.118884 4.767068 55.398820 33.715227
4.783275 4.125078 70.792224 20.299423
28.061814 12.185996 10.468988 49.283202
51.250451 1.845651 2.167196 44.736702
5.092690 43.657577 48.687794 2.561939
11.406785 15.275548 7.180285 66.137382
38.101763 29.078632 13.541705 19.277900
8.509605 54.962791 11.545652 24.981952
25.390462 44.411473 19.515800 10.682265
5.772533 25.862954 11.439638 56.924875
13.791308 18.778046 11.939836 55.490811
26.045094 71.958995 0.331728 1.664183
10.498318 6.296018 54.191476 29.014189
5.497283 47.095264 3.559140 43.848313
31.892035 28.342348 9.717194 30.048424
0.117648 4.090854 77.932363 17.859134
2.618568 5.975444 24.746315 66.659672
34.306528 47.281656 12.468588 5.943229
61.700823 20.671686 0.603596 17.023895
2.510231 0.276108 1.412204 95.801456
2.330703 6.907249 12.921688 77.840359
15.604710 5.599550 47.887764 30.907976
9.443458 14.119883 70.509185 5.927474
23.159024 8.394063 52.636046 15.810867
3.563779 0.693553 81.711591 14.031077
12.630569 24.186961 46.106023 17.076448
3.574498 49.399531 32.322731 14.703240
25.248632 23.690849 19.692122 31.368396
19.574919 49.003224 25.213626 6.208231
25.830103 9.745324 64.070668 0.353906
1.118685 12.947296 80.355795 5.578224
41.801655 2.138895 7.139381 48.920069
14.458790 45.940392 15.789809 23.811008
4.723075 39.318186 9.949511 46.009228
81.266814 9.980477 7.414439 1.338269
46.306821 3.090438 7.862134 42.740606
0.114934 25.331399 14.447944 60.105723
2.382966 3.916054 43.277402 50.423578
1.478352 21.306767 7.213195 70.001686
2.911146 2.527253 93.716039 0.845563
20.948833 24.969316 2.038364 52.043486
19.335404 55.166381 8.452455 17.045759
1.834515 17.581361 20.640967 59.943158
37.034074 33.008957 6.414322 23.542647
1.345699 17.212606 69.635669 11.806026
0.433893 13.171258 65.140877 21.253971
74.974062 22.987302 1.235053 0.803584
3.874538 19.618611 47.115444 29.391407
6.073787 90.117503 0.508068 3.300642
63.214514 29.103977 0.847224 6.834285
25.991725 63.375626 6.121553 4.511096
10.850229 52.841900 19.091910 17.215961
4.826843 72.287327 16.451089 6.434741
67.502970 14.469747 15.279205 2.748078
28.482191 2.072941 53.943914 15.500954
24.902664 14.246479 32.374431 28.476425
27.362627 49.360906 0.265676 23.010791
6.383382 28.972311 20.722794 43.921513
32.094304 67.322793 0.523060 0.059843
14.333204 2.226139 25.971595 57.469062
7.269087 58.455575 5.315936 28.959402
4.970206 62.271226 25.935324 6.823244
0.507967 1.820595 32.368363 65.303075
23.229335 6.571989 55.497808 14.700867
5.307543 4.025017 28.594541 62.072899
5.635818 2.949039 5.286773 86.128370
65.266824 8.371287 23.184013 3.177876
7.053344 0.213113 33.089407 59.644136
63.582210 28.254089 5.214584 2.949117
16.868819 39.355431 29.451473 14.324277
83.004317 13.363980 1.324136 2.307567
0.084165 24.321487 25.266558 50.327790
12.593397 48.242199 38.669574 0.494829
86.186119 3.754980 2.355785 7.703116
1.005309 2.638601 49.082293 47.273797
3.967112 74.340332 9.719182 11.973375
39.786785 35.868600 1.043118 23.301497
67.087889 11.720058 14.921813 6.270240
34.587408 35.544127 27.336204 2.532261
14.443365 16.801485 33.927489 34.827661
48.923971 45.259201 5.079761 0.737067
15.421635 33.237076 11.840758 39.500530
13.539740 39.345785 23.076272 24.038203
7.206431 12.832022 74.217063 5.744483
49.460249 33.104527 9.701726 7.733499
5.580608 26.985693 29.743927 37.689772
6.607593 84.401654 1.484968 7.505785
66.310638 11.816746 13.290316 8.582300
6.915317 75.243562 17.013504 0.827616
32.245459 43.937896 16.058264 7.758381
1.338848 22.108523 19.183131 57.369499
63.559199 3.612040 12.531576 20.297185
5.800903 12.241640 18.651593 63.305864
13.621370 6.255336 9.678274 70.445021
32.442306 1.912380 17.329385 48.315929
52.924803 12.226111 26.876774 7.972312
43.818956 39.731567 3.265598 13.183879
3.733933 25.740843 24.035010 46.490214
42.386213 42.961851 8.579568 6.072368
2.972077 4.767417 40.902993 51.357513
68.289502 16.811362 1.957026 12.942110
30.291997 67.229900 0.314386 2.163717
0.992133 43.058284 43.510461 12.439122
0.067571 29.852775 49.387474 20.692180
28.492897 53.318071 0.885388 17.303644
66.033710 20.876901 2.380434 10.708955
15.381604 52.949338 28.948381 2.720676
0.586321 4.021974 69.729366 25.662340
1.055238 3.122746 15.595532 80.226484
23.066647 15.725430 35.472837 25.735086
5.521760 50.012772 33.932280 10.533188
18.595028 6.695661 56.097534 18.611777
78.783054 7.456150 7.161980 6.598815
1.450117 15.158056 39.811345 43.580482
1.574582 14.594124 14.068675 69.762618
14.447306 14.981693 63.853543 6.717458
48.918288 46.674839 2.003919 2.402954
3.860180 4.254692 4.610100 87.275028
22.695146 58.667200 8.708796 9.928858
2.768372 6.823596 90.013479 0.394554
49.502356 46.142653 4.078676 0.276315
50.473038 6.846826 4.814166 37.865969
2.313677 1.147122 29.211895 67.327306
2.347520 6.798877 77.292246 13.561357
17.138660 7.306666 31.808732 43.745942
32.268267 15.877733 20.814712 31.039288
31.701537 27.537942 26.553364 14.207157
40.404931 8.974018 26.037391 24.583660
15.012169 9.509453 21.233549 54.244829
1.368331 10.393502 86.606271 1.631896
12.161525 2.758974 37.002715 48.076786
76.721159 8.254578 14.856445 0.167818
0.004419 8.040260 39.016536 52.938785
54.319115 25.068684 15.494850 5.117352
24.786315 37.804096 20.212389 17.197200
31.236507 3.411156 48.555029 16.797308
13.163438 78.569097 1.499987 6.767477
42.085509 10.412431 24.328732 23.173328
41.940166 45.242060 7.739092 5.078682
38.612321 45.270854 11.398398 4.718427
47.306378 38.533033 0.977546 13.183042
5.532981 6.756823 49.606170 38.104027
55.323758 18.256369 10.471355 15.948518
4.640613 1.939178 90.974012 2.446197
1.193985 70.460423 14.490707 13.854884
17.013836 23.264493 19.173924 40.547747
7.182212 5.898021 13.682429 73.237338
2.553945 0.018765 89.678777 7.748513
24.976570 26.837755 5.758693 42.426981
42.314251 29.562943 24.409947 3.712859
14.740309 3.937019 58.469827 22.852845
76.154637 21.629719 2.164660 0.050984
5.399929 2.473846 57.403520 34.722705
0.983713 53.928241 44.616071 0.471975
7.094540 1.386554 70.009855 21.509052
2.795535 1.187130 72.314090 23.703245
3.141976 46.307165 2.159832 48.391027
10.278724 24.558155 38.087225 27.075896
3.263253 63.441053 2.289352 31.006342
40.104731 44.901525 11.190283 3.803461
77.639938 11.718258 2.161682 8.480122
33.992902 4.631324 59.292890 2.082884
8.988657 32.553138 3.109612 55.348593
17.289289 8.956629 25.707125 48.046957
28.632950 0.472552 12.509903 58.384595
67.371070 11.769528 0.125410 20.733991
54.543442 34.817806 5.495839 5.142913
53.160098 1.229989 16.899623 28.710289
34.515153 54.592791 8.186244 2.705812
45.554283 6.357701 28.560468 19.527547
21.186200 3.341526 65.533529 9.938745
0.661928 3.525212 76.873687 18.939173
51.073458 16.903470 16.720565 15.302507
35.192000 10.961142 20.395317 33.451541
33.674717 50.626562 11.272302 4.426419
0.000000 79.201636 0.606172 20.192192
8.582936 56.760245 23.845271 10.811548
16.970656 24.937361 15.296415 42.795568
42.670747 25.437411 5.179857 26.711985
2.323185 0.997229 21.352891 75.326696
11.685274 40.794355 7.739989 39.780382
7.904334 7.327454 52.454001 32.314210
37.764581 22.887905 24.097005 15.250509
0.486886 9.565911 10.250034 79.697169
3.756649 21.421121 6.158500 68.663730
22.241058 0.992683 52.881496 23.884762
51.207926 46.939600 0.936667 0.915806
39.340964 26.966601 30.495627 3.196807
5.903089 17.306237 23.529110 53.261563
89.271059 1.591700 1.390650 7.746592
28.333966 58.759756 9.642585 3.263693
27.472691 50.190812 10.602116 11.734381
43.803514 6.982338 0.476116 48.738033
23.459569 47.907965 8.926947 19.705519
12.480838 22.520841 14.458839 50.539483
13.637778 58.321815 18.478240 9.562166
39.548883 42.793108 16.829726 0.828283
0.886403 1.338397 86.024392 11.750808
0.178578 2.186606 22.141921 75.492895
3.322415 4.737523 72.660904 19.279158
35.732515 52.340851 6.336217 5.590416
12.459983 16.029045 59.162905 12.348066
16.761858 18.563316 9.937979 54.736847
4.936728 1.780396 20.807658 72.475218
13.623734 49.931062 6.881511 29.563693
0.494250 14.856560 22.591545 62.057644
68.244113 20.110024 3.347648 8.298215
7.723500 42.619833 3.236996 46.419671
8.931690 88.916755 0.644869 1.506686
16.924909 4.941603 65.412087 12.721401
60.351724 36.010470 0.156317 3.481490
41.476895 7.160453 42.796201 8.566451
30.776829 33.678263 3.664379 31.880529
24.876643 32.815547 23.619396 18.688413
3.247083 2.353063 46.821083 47.578771
12.381548 4.507395 20.783471 62.327586
69.452210 0.044540 24.086462 6.416788
45.126956 49.556720 3.331565 1.984759
21.955678 0.768404 42.407775 34.868143
41.406661 22.462475 32.666305 3.464558
6.232854 35.269267 19.414790 39.083089
17.200090 38.059775 5.280010 39.460124
90.031997 1.352627 4.945420 3.669955
34.357899 1.763809 63.125797 0.752496
67.287060 29.874719 0.433698 2.404524
1.455306 47.960264 3.400906 47.183523
9.636687 46.093163 38.996967 5.273183
6.873397 8.773442 70.673156 13.680004
16.835539 50.595107 7.346418 25.222935
5.638029 76.578836 15.902629 1.880507
19.886646 0.350178 67.589476 12.173701
5.219229 12.493714 40.027265 42.259792
1.025793 17.361609 57.049365 24.563233
2.167060 1.522628 62.000480 34.309832
45.345777 19.814293 2.165866 32.674064
9.565544 76.212831 13.617032 0.604594
17.011066 34.150163 31.359836 17.478935
21.064390 1.922151 0.693349 76.320110
10.327350 16.696790 23.369112 49.606748
18.376025 11.962425 35.616320 34.045230
4.010448 11.325103 0.111105 84.553344
54.234452 4.409916 25.093316 16.262316
0.451309 3.122408 78.628310 17.797972
0.854437 7.754834 51.710077 39.680651
0.437811 19.795961 29.097742 50.668486
30.312612 16.569922 25.141111 27.976355
22.424846 70.037082 2.821572 4.716500
34.419965 57.483474 4.129945 3.966615
67.355578 11.055628 13.526351 8.062443
0.822966 78.958521 5.052931 15.165581
16.016716 7.094951 5.751314 71.137019
17.373244 0.162692 10.617874 71.846190
43.319678 22.411088 4.978227 29.291008
1.574596 93.618739 0.127622 4.679043
39.252826 51.915117 0.822101 8.009956
47.510821 24.760061 23.765276 3.963841
32.118715 0.340772 33.142610 34.397903
18.576752 71.748880 3.021561 6.652807
48.415703 6.358918 5.560871 39.664508
3.006507 0.957848 56.090890 39.944756
4.108882 45.572200 18.699712 31.619206
61.485253 19.315553 1.955251 17.243943
0.676803 1.547996 20.642990 77.132211
5.275313 3.239351 20.521171 70.964165
18.472721 6.970560 62.597427 11.959292
6.934125 70.164785 11.585783 11.315306
9.633104 40.597311 17.538664 32.230921
54.596568 34.212295 8.671620 2.519517
39.710729 35.303767 9.025191 15.960313
0.065452 0.221422 91.286793 8.426333
42.878384 39.347636 12.231375 5.542605
22.954366 9.685180 5.262696 62.097758
42.844220 36.754156 17.425466 2.976158
8.049126 0.807345 15.273571 75.869957
84.884520 1.232610 9.056256 4.826614
3.184270 3.279550 0.773592 92.762587
11.867395 6.071385 22.870054 59.191166
37.615876 20.949144 28.257273 13.177707
0.772704 0.020777 90.108475 9.098043
4.971286 6.845481 26.452010 61.731224
4.507131 0.601668 83.594147 11.297054
43.594510 23.579781 1.211166 31.614543
15.618935 15.207811 29.079915 40.093339
0.197983 1.117365 72.928521 25.756131
16.502401 6.413948 52.337934 24.745718
5.887065 0.060993 89.709141 4.342802
32.666358 6.000594 30.933255 30.399794
0.864624 0.255405 92.201868 6.678102
69.834364 6.458858 6.821116 16.885662
66.169357 23.609994 1.615740 8.604909
73.019140 0.792927 5.222881 20.965052
33.148245 3.544159 23.926550 39.381046
48.107100 11.922808 26.987466 12.982625
46.615008 41.183691 1.053794 11.147506
38.268515 9.941575 41.799248 9.990662
2.523712 6.238152 4.611052 86.627084
23.610211 46.637294 28.081772 1.670723
9.613761 16.809164 66.780059 6.797015
15.758976 1.612159 77.598053 5.030811
16.000457 0.363567 18.880438 64.755537
11.674842 33.272819 40.280765 14.771574
6.188810 0.415396 77.311549 16.084245
20.217513 56.271027 21.614298 1.897162
51.587097 22.237177 19.834501 6.341225
23.750222 44.306054 10.400940 21.542784
3.145059 4.103087 13.575789 79.176065
10.677516 20.292668 60.925391 8.104425
9.131090 9.408904 43.289379 38.170627
5.006125 16.311054 6.445042 72.237779
5.018768 91.602833 0.113517 3.264882
46.632155 4.168956 20.418583 28.780307
12.759544 43.739372 13.355538 30.145546
13.898283 4.525741 20.140679 61.435296
3.294421 20.342165 37.963806 38.399609
33.520601 34.489897 2.509995 29.479507
2.712633 39.613488 38.986676 18.687203
1.735871 3.977194 72.751750 21.535185
3.046347 7.897590 45.140908 43.915154
5.146852 21.584310 48.647628 24.621209
20.434226 20.378177 20.537827 38.649770
10.420416 53.460928 7.751286 28.367370
3.437465 18.136069 58.575118 19.851348
12.186832 32.950043 28.380076 26.483048
2.480637 64.254188 15.997578 17.267597
24.611287 70.420300 1.621668 3.346746
12.485881 8.669549 75.913795 2.930774
97.341427 1.349329 1.021879 0.287365
5.360696 44.512652 14.687520 35.439131
9.916504 19.518598 28.865990 41.698908
3.629401 3.868997 34.601646 57.899956
5.750355 78.291517 14.256000 1.702129
7.528149 14.613029 49.979627 27.879194
0.355742 36.071151 2.871432 60.701676
4.967154 24.443533 8.382306 62.207007
33.999935 38.972873 5.350670 21.676522
55.288065 18.307321 21.738056 4.666558
48.115262 25.629665 7.602409 18.652665
57.616733 9.066210 6.697575 26.619481
9.848273 5.902330 83.519186 0.730211
71.703121 2.603346 7.384137 18.309397
36.463465 23.273466 36.952766 3.310303
61.909144 31.144843 6.313247 0.632766
0.001304 3.285539 83.944789 12.768368
0.450869 8.475795 45.513043 45.560293
1.936273 0.862274 80.168134 17.033318
83.218312 10.851941 1.016311 4.913436
0.880167 46.554752 36.701069 15.864012
1.538272 19.281455 52.425184 26.755088
29.826194 42.572866 4.637079 22.963861
5.326355 56.388174 31.557734 6.727736
19.510823 69.319403 0.942547 10.227228
12.053983 0.559317 44.964134 42.422567
44.119856 1.969197 18.771019 35.139928
25.024661 12.616868 15.729019 46.629452
72.285217 19.395437 5.322381 2.996965
0.086745 0.032277 93.461430 6.419548
5.734568 11.129961 35.063699 48.071773
8.262620 18.682172 27.572672 45.482536
6.888927 27.908278 60.827023 4.375773
52.558794 13.840327 18.846722 14.754157
67.698669 27.567910 0.183316 4.550105
9.861457 44.427919 21.101074 24.609550
10.676858 47.640962 18.440043 23.242137
3.198658 9.747294 11.873060 75.180989
26.869517 63.672797 4.726678 4.731008
17.329349 66.981085 10.864475 4.825091
57.559401 17.900665 8.952616 15.587318
50.709193 4.065428 37.496197 7.729183
5.007397 0.327238 2.467245 92.198119
17.148699 61.003100 0.454740 21.393461
4.608068 4.086655 56.596621 34.708656
10.263719 46.088708 9.144584 34.502988
19.407370 8.785629 60.017040 11.789961
3.424265 4.568533 20.211427 71.795775
55.410592 4.292768 36.135019 4.161621
3.390511 51.826628 5.725132 39.057729
25.809774 32.498890 5.049987 36.641349
1.403065 0.083187 62.231394 36.282355
53.057724 19.432892 2.337294 25.172090
65.172900 4.998309 5.996345 23.832446
3.629193 43.244186 27.592054 25.534567
29.339479 8.579769 35.732383 26.348369
44.892352 54.170730 0.875414 0.061504
6.345422 34.567692 7.689031 51.397855
4.765834 84.622880 1.821280 8.790006
6.924852 61.113113 28.097367 3.864668
23.965660 3.021857 20.900817 52.111665
91.560399 4.447780 2.260574 1.731247
51.229888 2.116467 44.970714 1.682931
16.228923 63.128357 10.479171 10.163549
41.190152 37.092877 15.679140 6.037831
92.172774 3.835405 2.971907 1.019914
73.412189 2.215729 1.036113 23.335969
66.586586 12.288501 16.012435 5.112478
1.555514 37.352533 59.248026 1.843927
31.711125 17.005572 30.951219 20.332084
9.373529 4.631415 17.171717 68.823339
7.290896 7.733366 83.629798 1.345940
16.239972 12.123930 65.663325 5.972772
8.396613 34.924411 34.631482 22.047494
19.933090 67.188099 2.850734 10.028077
1.902211 8.864719 29.106206 60.126864
2.960956 65.702638 17.731507 13.604898
0.326333 0.070408 1.234136 98.369124
34.936796 52.370556 10.050073 2.642575
13.177052 16.526613 28.753983 41.542351
11.734156 50.371011 29.829445 8.065388
28.047487 56.546770 11.128695 4.277049
0.185727 0.464317 4.851220 94.498736
1.557758 45.486525 25.487979 27.467738
20.918825 16.277134 12.592625 50.211416
60.244305 16.631820 13.359018 9.764857
6.801998 11.860070 31.150539 50.187393
40.580373 6.775198 50.634535 2.009894
14.536158 57.609599 1.078739 26.775505
1.260477 51.963804 7.955598 38.820121
56.023268 19.864058 13.850052 10.262623
20.414753 0.523996 68.261417 10.799834
10.689637 44.548865 14.889991 29.871507
6.218302 60.455486 32.590873 0.735339
6.540437 91.362942 1.806894 0.289728
77.820483 2.891819 1.200809 18.086889
77.754500 13.770510 2.218649 6.256341
11.060394 68.434219 0.317903 20.187483
15.215501 78.818131 0.217227 5.749142
36.830128 34.638118 25.165448 3.366306
10.737288 4.402944 1.307846 83.551922
38.670467 3.838765 41.322751 16.168017
55.981610 23.177300 3.239347 17.601743
56.286538 37.121464 6.331271 0.260727
1.575750 15.139238 0.533764 82.751248
29.584834 38.721694 9.061081 22.632391
4.450292 54.563350 39.672974 1.313385
0.806537 10.970556 76.648144 11.574764
19.413055 25.732976 42.956415 11.897554
92.510758 2.777184 0.904102 3.807956
44.859338 18.460466 23.763152 12.917044
72.283408 2.282466 11.480946 13.953180
4.874560 88.313709 3.279576 3.532155
75.130329 14.291955 1.010737 9.566978
1.916592 59.233345 36.013997 2.836065
5.241874 4.765145 31.927500 58.065480
18.877101 7.316935 12.007800 61.798163
16.098666 64.461044 16.685058 2.755233
15.815821 27.102358 12.701302 44.380518
0.219955 25.705518 52.971413 21.103113
35.151811 28.277859 32.139524 4.430806
31.446513 48.740871 17.672755 2.139862
2.748485 0.562773 82.386232 14.302510
36.793691 45.856537 8.198611 9.151162
43.518094 27.712107 23.327006 5.442793
72.529213 4.996956 12.518459 9.955371
6.115871 3.473045 84.136637 6.274447
25.949677 35.505445 10.839901 27.704976
64.196221 13.329949 7.250994 15.222836
46.265795 14.514868 32.426840 6.792497
77.055989 12.555510 0.442907 9.945594
0.360577 0.042267 48.189133 51.408023
36.301534 30.674387 9.088752 23.935327
47.674685 12.843519 37.073150 2.408646
0.516311 23.446822 21.576305 54.460561
5.987267 13.440816 9.594764 70.977153
20.393952 45.782383 15.004754 18.818910
26.480296 35.457019 9.590305 28.472380
43.048626 33.513159 17.922542 5.515674
5.783556 0.759612 40.340996 53.115835
18.567866 59.684644 8.301572 13.445918
9.796124 73.189807 0.425780 16.588289
29.202257 18.901018 8.939028 42.957698
36.621701 50.459814 11.011089 1.907396
43.373874 32.888829 13.719921 10.017375
30.817309 34.364124 11.871488 22.947080
1.834745 84.917170 6.371145 6.876940
21.220713 26.559065 47.930026 4.290196
10.311353 4.447399 20.944160 64.297089
10.720760 63.250003 23.168698 2.860539
8.741948 31.676765 24.300189 35.281097
2.160626 35.517525 6.162383 56.159466
26.323019 42.563361 18.419203 12.694418
55.435825 0.132277 37.083759 7.348139
57.654899 27.366617 10.583723 4.394761
5.799423 11.797549 0.422489 81.980538
19.780065 40.606909 36.009204 3.603822
31.765250 15.327862 24.938105 27.968783
8.940195 4.152246 77.502542 9.405017
45.829087 34.324726 18.573056 1.273131
72.145085 7.767632 6.648966 13.438317
14.323870 72.592845 11.938143 1.145142
2.947450 14.179538 40.580385 42.292627
4.122584 8.017679 21.512457 66.347280
11.115341 53.876876 21.058943 13.948839
10.050757 11.998866 39.142903 38.807474
13.247245 38.762399 19.562584 28.427772
10.789341 10.405763 38.549872 40.255023
41.982778 1.045269 39.524108 17.447845
51.639939 7.898621 7.634910 32.826530
3.324335 7.601291 46.009210 43.065164
26.431146 72.131432 1.191586 0.245836
28.911080 69.810195 0.803169 0.475556
9.455273 49.134162 23.616420 17.794145
12.019847 87.137842 0.033341 0.808970
14.684539 25.200101 38.996920 21.118440
42.905131 32.371825 8.192475 16.530570
0.221262 10.255742 74.597488 14.925508
5.118883 34.912246 50.506941 9.461930
45.869774 50.010227 3.574178 0.545821
18.545105 50.234460 27.473068 3.747367
2.959819 0.021839 29.291740 67.726601
6.410615 91.154008 0.523836 1.911541
73.916925 0.853423 22.905108 2.324544
8.471614 16.635964 72.796522 2.095900
7.854511 8.396595 68.513225 15.235669
8.154827 41.837543 12.305415 37.702215
6.940693 61.396353 25.046655 6.616298
80.179947 18.577950 1.207001 0.035102
42.825068 4.207007 35.483838 17.484087
23.961747 74.762579 0.475784 0.799890
13.202238 10.297014 25.132925 51.367823
24.571358 58.371847 6.305397 10.751398
4.796651 3.266339 26.469733 65.467277
34.612955 12.358083 11.252491 41.776471
26.929382 4.336831 60.332688 8.401099
35.906425 34.490621 0.085827 29.517128
48.850612 50.694662 0.194425 0.260301
2.608245 29.900071 17.301863 50.189821
14.744668 40.188649 28.437109 16.629574
34.651936 19.527574 40.259160 5.561330
34.732397 64.828136 0.024919 0.414547
21.895496 27.010415 27.323884 23.770204
36.306651 33.138217 27.688636 2.866496
19.701347 8.210882 68.112351 3.975420
28.425479 41.886115 19.807975 9.880431
12.165886 27.428828 50.177663 10.227623
18.198682 15.533426 27.079899 39.187992
63.417375 31.373115 3.399449 1.810061
4.956751 22.094856 16.670356 56.278037
74.950408 24.237800 0.445424 0.366368
65.730268 2.225297 29.869478 2.174957
21.850653 22.926104 36.013839 19.209403
34.836299 31.761193 16.821033 16.581475
7.039482 59.338276 27.793990 5.828252
54.240249 3.247467 19.891914 22.620370
7.956492 1.366913 42.508719 48.167877
0.899594 1.355724 92.241007 5.503676
29.847580 12.982096 56.311905 0.858419
49.481300 6.065439 8.500752 35.952509
43.135676 9.881079 23.476567 23.506678
1.381205 0.742883 86.411702 11.464209
8.724844 13.681846 70.467902 7.125409
4.408463 1.908869 27.455509 66.227159
0.138125 11.349042 15.721448 72.791385
15.700664 61.825505 5.613828 16.860002
47.158266 17.986544 15.726161 19.129028
7.797479 52.690207 4.994659 34.517655
26.408843 8.608095 41.859111 23.123951
16.254146 2.307212 42.005509 39.433134
0.060707 0.238374 46.398490 53.302429
4.018356 0.968368 60.437687 34.575588
29.422759 17.746650 41.013965 11.816627
8.839791 14.741861 7.490943 68.927405
62.258887 30.651663 3.806844 3.282605
47.800194 31.132879 11.376025 9.690902
67.435708 10.380387 20.204976 1.978929
10.849190 8.646034 75.399368 5.105409
14.708611 43.456616 1.360999 40.473773
79.776597 17.733092 0.576540 1.913770
20.819677 59.175440 2.172227 17.832656
11.129713 8.627970 37.232709 43.009608
48.735476 9.304625 22.847637 19.112262
50.618427 5.163304 38.519433 5.698836
61.972911 27.919359 3.084420 7.023310
15.621475 1.313246 57.010256 26.055023
35.982307 28.533822 11.747460 23.736411
7.525397 26.722475 41.834784 23.917344
5.693492 33.681489 11.430444 49.194575
11.347110 45.374592 25.706519 17.571779
5.287229 18.474482 64.339652 11.898636
37.696785 40.332940 13.141801 8.828474
29.272756 51.195398 2.927363 16.604483
27.663159 62.610592 6.047033 3.679216
1.290585 4.416377 88.402422 5.890617
31.591764 39.961933 5.530044 22.916259
25.933877 5.121758 10.349966 58.594399
2.334466 49.385252 18.151335 30.128947
61.131458 12.158743 22.806894 3.902906
37.693855 42.948254 14.827836 4.530055
0.499372 0.815976 83.511665 15.172987
0.003527 57.783271 14.716068 27.497134
20.051944 35.799981 25.449782 18.698294
41.660518 42.179931 2.056500 14.103051
0.340135 9.810321 73.786473 16.063070
27.032955 49.275526 19.800895 3.890624
10.982797 50.002341 25.238748 13.776115
8.466574 56.427984 22.410829 12.694613
22.805003 28.240256 12.778402 36.176339
44.490235 16.125629 30.742151 8.641986
0.710507 8.524394 3.492990 87.272109
21.508348 66.708455 8.813214 2.969983
8.672839 8.032993 76.875583 6.418585
64.890015 31.691912 2.591485 0.826588
22.045461 3.995983 13.307890 60.650665
27.849517 1.402474 33.628353 37.119656
20.561969 21.327737 42.897729 15.212565
46.408748 12.839886 33.516932 7.234434
50.605479 24.647062 17.900312 6.847147
22.126521 59.464714 14.750833 3.657932
15.261574 58.474197 23.473249 2.790980
6.450835 19.462431 32.063478 42.023256
14.719785 53.928550 4.696961 26.654704
4.077237 8.636774 37.996989 49.289000
22.490763 6.541495 52.200828 18.766914
29.681348 12.827884 10.300861 47.189908
31.777737 4.026579 51.837325 12.358360
37.078565 53.192134 9.037172 0.692129
15.838051 31.935623 17.688765 34.537560
7.784613 82.412842 5.151818 4.650727
26.567800 62.100677 5.367836 5.963686
43.489264 7.195876 29.728581 19.586278
0.341283 2.026954 8.450077 89.181686
32.339206 16.691831 14.732110 36.236853
20.597895 44.650678 1.305552 33.445875
28.033327 4.050782 17.561917 50.353974
54.318886 17.594930 2.916019 25.170165
3.348807 2.211665 7.029573 87.409955
62.305170 24.495574 5.208080 7.991175
15.932743 27.385229 7.965964 48.716064
16.302601 24.531165 52.479856 6.686379
0.575612 0.678699 37.769089 60.976601
11.904366 0.901200 12.914047 74.280386
1.149640 89.841296 1.078877 7.930187
12.626415 18.740509 66.930183 1.702893
63.522937 5.104036 19.161608 12.211420
21.878593 6.384599 15.180609 56.556199
14.936148 21.454123 36.049461 27.560269
23.062476 6.110167 0.469055 70.358301
5.416323 46.492610 32.017171 16.073897
34.819113 12.667688 47.495382 5.017818
2.953432 1.218448 84.589146 11.238974
9.402134 2.097240 0.264689 88.235937
48.195706 11.022409 16.525830 24.256055
46.771372 22.191304 19.735180 11.302144
7.356979 7.301061 13.449687 71.892273
23.838607 13.421441 14.188148 48.551804
2.189474 40.795846 35.877123 21.137557
35.326322 30.178607 26.586902 7.908169
23.415163 38.250537 35.415385 2.918915
7.121391 1.268147 41.327734 50.282728
10.897558 44.722425 37.232785 7.147232
39.033607 5.123624 43.023490 12.819279
7.228992 0.476931 43.807787 48.486289
5.342994 56.542439 38.061059 0.053507
4.325172 72.908020 10.959918 11.806890
52.476867 7.730048 8.079574 31.713511
11.522961 6.928530 58.336041 23.212468
0.850508 1.011121 36.413657 61.724713
21.194854 41.102579 33.921609 3.780957
10.887059 8.751601 57.560370 22.800970
2.031135 6.291262 1.552814 90.124788
29.748415 1.298064 57.659427 11.294093
1.411563 0.727784 69.189664 28.670988
54.074459 0.422444 25.810131 19.692966
9.101906 9.984370 3.242278 77.671446
59.032621 32.007144 7.179508 1.780726
32.465665 17.664039 40.038389 9.831908
0.817512 4.584264 75.904920 18.693304
0.830108 2.514721 96.525381 0.129790
54.330400 16.423712 9.422554 19.823333
1.866045 4.551998 70.285713 23.296244
5.189667 90.559105 2.898677 1.352552
10.306941 24.478056 21.616265 43.598738
49.413320 42.981467 4.497629 3.107584
0.634617 8.517884 67.003739 23.843760
4.792725 27.016718 30.096495 38.094063
13.311417 3.724015 20.830393 62.134175
28.626545 5.703726 49.085452 16.584277
28.876787 0.109693 58.738347 12.275172
5.010810 8.228120 85.564257 1.196814
3.640185 9.415633 12.009319 74.934862
0.149489 0.140437 84.893693 14.816381
2.070360 11.720955 63.603472 22.605213
77.838172 10.439669 7.150564 4.571596
0.093939 66.820945 8.280619 24.804497
49.588620 44.606760 2.160147 3.644473
64.176674 16.279273 16.635737 2.908316
32.599312 5.460321 20.644269 41.296098
23.624222 16.168863 42.995753 17.211163
5.889606 4.141828 2.328359 87.640207
0.409916 0.179091 67.449116 31.961877
12.025275 12.401740 72.138793 3.434192
10.995357 21.152841 18.274244 49.577558
61.445397 34.727582 1.196097 2.630924
51.766205 25.341861 11.443522 11.448412
40.850400 44.696034 5.894878 8.558688
2.014215 11.871707 63.152602 22.961477
2.650349 0.764672 57.301919 39.283060
3.920744 54.528306 16.481146 25.069805
0.532073 13.250086 44.944210 41.273631
2.994427 31.396881 43.010965 22.597726
67.399760 8.881255 1.251568 22.467418
13.432444 73.966463 4.971292 7.629801
0.182606 0.003557 76.769565 23.044273
32.936784 1.408746 8.513622 57.140848
67.559457 29.202529 1.262911 1.975102
3.017103 28.337613 64.346442 4.298841
55.950130 23.974794 2.249693 17.825383
17.757359 13.392884 16.044702 52.805055
20.534859 19.502373 34.862840 25.099927
51.984518 38.930122 3.718767 5.366593
39.947073 23.125531 19.167490 17.759906
19.456109 80.437077 0.006591 0.100223
12.445960 39.026558 27.164253 21.363229
21.230673 12.400725 61.387970 4.980633
10.122798 75.036051 3.926901 10.914250
21.599471 0.044256 65.029465 13.326808
0.279333 3.971896 14.674835 81.073936
44.833205 5.046247 5.272546 44.848002
8.127922 53.650697 22.745962 15.475419
16.484016 4.595119 0.209544 78.711322
17.719959 29.367049 6.756430 46.156561
54.605420 23.039772 1.318761 21.036047
70.705374 10.998780 15.700580 2.595266
58.689964 6.473158 32.419231 2.417648
0.313151 1.002196 66.727413 31.957239
21.842287 71.287996 1.980387 4.889329
14.366766 8.461079 53.121066 24.051089
30.620874 14.277957 52.627527 2.473642
1.446671 15.362924 16.609138 66.581267
4.494486 9.571495 63.219869 22.714150
0.695637 24.659140 25.657800 48.987422
2.446533 9.473996 39.922980 48.156490
40.472903 5.542906 39.004966 14.979225
11.473840 1.124200 60.621489 26.780470
5.858402 0.724440 73.446236 19.970922
71.189713 20.698467 6.415039 1.696781
19.532884 26.037355 42.803616 11.626145
74.577297 10.016960 12.224169 3.181575
47.812237 3.843392 28.998950 19.345420
43.416919 3.016993 34.933126 18.632962
7.399239 57.409868 5.849934 29.340959
16.041480 56.259921 21.980010 5.718590
36.443352 28.237577 12.035668 23.283403
2.124400 3.610028 67.479271 26.786302
21.962222 8.602065 17.552294 51.883419
19.872556 67.309670 4.928860 7.888914
13.873195 0.690237 35.265040 50.171527
23.145602 20.212044 8.207584 48.434770
51.419998 36.220006 5.491027 6.868970
23.267831 6.554857 51.334575 18.842738
35.318632 24.631928 2.461610 37.587830
5.339845 10.072002 72.751955 11.836197
3.597372 0.705738 37.517083 58.179807
16.265258 37.520563 44.861617 1.352562
47.197769 40.439183 7.196655 5.166394
29.232534 6.623663 4.165716 59.978087
1.854554 0.370245 43.350875 54.424326
34.906817 35.389518 11.303293 18.400372
35.303663 13.535108 17.046977 34.114252
8.860912 0.889751 89.546996 0.702340
13.312134 6.851445 9.977421 69.859000
18.132722 22.459947 26.417561 32.989770
6.663145 21.026299 47.093334 25.217222
51.797992 44.664913 1.198102 2.338993
55.199381 15.658494 0.345967 28.796158
9.820633 43.070996 24.822936 22.285435
4.985498 21.345872 19.092197 54.576433
24.048554 0.521898 27.122133 48.307415
0.264567 0.156589 82.071178 17.507667
9.799411 20.954091 26.031628 43.214870
0.941399 0.041297 26.024263 72.993041
18.253092 12.186069 6.133038 63.427800
3.452353 6.240326 8.711858 81.595464
55.614463 14.187472 5.396889 24.801176
15.332966 18.039024 21.921951 44.706059
8.672290 33.614157 37.687213 20.026341
19.584809 27.236688 13.994514 39.183989
21.586958 28.030035 19.243243 31.139765
19.498775 52.378418 3.912835 24.209971
71.150542 10.486471 2.900687 15.462300
7.739406 22.821829 34.974742 34.464023
4.760021 12.955973 82.231270 0.052735
4.089345 22.693699 52.105661 21.111295
2.412897 1.606390 9.273810 86.706902
10.316393 3.279603 16.483396 69.920608
31.423857 61.047227 4.700202 2.828715
49.051232 4.963478 31.625676 14.359614
32.406797 18.437039 37.748849 11.407314
35.503650 9.752247 15.699647 39.044455
0.891506 80.934722 15.743355 2.430417
0.753622 10.944122 15.301377 73.000879
27.452221 6.752925 43.608895 22.185960
15.557383 27.482871 30.201685 26.758061
25.683151 39.077126 15.141455 20.098268
7.969983 16.017565 17.614141 58.398311
17.936556 8.721362 21.290624 52.051458
28.647978 3.671123 51.272406 16.408492
0.274848 32.004579 37.546301 30.174272
11.606631 24.856885 39.420659 24.115826
74.762769 2.928201 9.187233 13.121798
62.282979 1.256558 7.414047 29.046417
7.215702 27.636436 2.350071 62.797791
44.762567 52.753226 2.149941 0.334265
27.220988 1.625107 10.831497 60.322407
15.839182 50.529421 4.129127 29.502270
18.356672 14.838310 36.416859 30.388158
32.229672 17.854254 13.364474 36.551600
12.538651 36.825038 48.454284 2.182027
29.804342 20.316206 28.930295 20.949157
64.878984 34.355001 0.355293 0.410721
33.690801 34.420408 29.808092 2.080698
59.684828 4.507805 30.899659 4.907709
5.029917 4.824510 67.275608 22.869965
38.314295 25.814249 34.411068 1.460388
17.193547 4.929321 33.575556 44.301576
1.251405 95.003974 0.201705 3.542916
34.138055 13.360953 28.978330 23.522662
34.242026 26.025926 20.329829 19.402218
7.442001 0.813256 13.072793 78.671950
54.519378 40.347409 0.852846 4.280367
49.288496 18.108581 1.149216 31.453707
39.858618 14.201870 28.309294 17.630218
24.940806 0.206446 70.786526 4.066222
35.857372 36.282280 8.810356 19.049992
46.408829 9.226414 10.311655 34.053102
0.384544 16.043569 73.369929 10.201958
16.124192 16.942613 18.690717 48.242478
16.575922 2.705672 25.624343 55.094062
2.009029 0.542318 92.809232 4.639421
22.739672 5.142038 15.668511 56.449779
59.507210 20.121685 4.248669 16.122436
6.731439 17.921413 4.127571 71.219577
73.827520 3.939746 6.228042 16.004692
16.423640 48.602148 14.217246 20.756966
16.466744 10.011115 42.521992 31.000150
0.183773 65.269275 16.812211 17.734742
0.730198 16.396789 12.615454 70.257558
10.035739 55.353219 22.644475 11.966567
28.771657 32.598014 32.723840 5.906490
21.729519 73.179993 1.234599 3.855888
8.748685 22.212343 58.577883 10.461089
3.339649 14.107782 37.813394 44.739174
17.151670 12.750366 48.842025 21.255940
27.458396 69.401250 0.894944 2.245411
7.859213 85.109322 5.225477 1.805988
29.521781 43.216034 12.080658 15.181527
32.047173 39.387502 0.332145 28.233180
6.221741 23.362902 42.577577 27.837780
1.360124 17.808552 12.923835 67.907489
17.377176 9.506579 29.688761 43.427484
91.298372 2.106579 2.112139 4.482911
15.126787 15.663338 28.905214 40.304662
57.330327 38.931155 2.519537 1.218980
2.766935 63.702379 9.476842 24.053844
59.904379 8.658504 9.230522 22.206595
1.567664 3.992808 78.685676 15.753852
34.644548 34.113654 22.027627 9.214171
2.507413 26.070119 18.420706 53.001762
37.830756 51.554907 4.183281 6.431057
0.038031 69.193208 14.183848 16.584914
15.469105 28.849874 41.515641 14.165379
31.430114 38.524413 22.169849 7.875624
62.692563 1.408514 9.636736 26.262187
41.199507 25.803880 30.583823 2.412790
20.766001 5.809517 4.911846 68.512636
6.227614 86.316714 2.989595 4.466076
15.166906 73.562608 11.027651 0.242835
19.806501 22.388390 44.221340 13.583768
11.531049 23.369919 16.142144 48.956888
14.953734 7.456008 3.781599 73.808660
25.403571 54.008642 13.660685 6.927102
74.832926 0.160208 16.409731 8.597136
6.106156 14.368712 29.434516 50.090616
23.230901 65.581014 5.300230 5.887855
98.552028 0.959676 0.355802 0.132494
10.422641 53.174880 17.490787 18.911691
37.347621 0.638768 13.738115 48.275497
0.266349 0.093769 6.361481 93.278401
12.130654 53.667252 5.170970 29.031124
67.821359 1.797465 4.647995 25.733182
78.443141 3.947679 6.254868 11.354312
9.100489 56.050425 12.611483 22.237603
8.580521 59.545948 0.031127 31.842404
90.392027 9.220388 0.275794 0.111791
29.054763 21.026111 17.178505 32.740621
35.956695 15.686727 14.447795 33.908783
9.596699 77.341379 10.015190 3.046732
26.909781 17.693021 34.646284 20.750914
19.544651 14.309532 5.139538 61.006279
9.564048 27.757037 20.020067 42.658848
16.638693 26.364939 33.228603 23.767766
32.433021 17.095468 40.020472 10.451039
7.923706 3.090424 39.386031 49.599839
6.636199 35.229093 6.965449 51.169260
34.664462 29.122275 34.448299 1.764964
29.165907 5.234557 12.972960 52.626576
17.148839 16.912870 15.325969 50.612323
15.561794 76.231779 1.760899 6.445528
0.269390 0.475262 4.849630 94.405719
27.060543 12.061134 42.135669 18.742653
78.694571 4.544664 10.551502 6.209263
7.644140 5.771797 4.560811 82.023252
50.241866 31.776628 3.951135 14.030371
8.074446 5.732128 75.447855 10.745572
21.609574 68.810666 0.984084 8.595676
0.970195 0.015553 89.241856 9.772396
26.401627 8.416940 48.245042 16.936391
12.143537 14.346529 39.484080 34.025854
46.353582 47.264997 0.415015 5.966405
2.879172 54.056159 9.293200 33.771469
2.041353 59.892910 17.283915 20.781822
2.446800 7.630412 57.026751 32.896038
8.832405 22.742045 9.215429 59.210121
26.499862 24.511827 35.021552 13.966759
5.827264 0.883757 34.608626 58.680354
20.429513 0.008732 21.355194 58.206561
6.384354 31.342628 21.389899 40.883119
83.820397 11.482804 4.129892 0.566907
12.110560 78.779665 7.477261 1.632514
1.747029 25.774562 46.105531 26.372877
1.828716 41.156605 7.769114 49.245566
8.351916 73.535348 1.691487 16.421248
9.406661 50.223454 10.441443 29.928441
0.430891 10.891476 36.933001 51.744632
15.302154 31.357596 26.939537 26.400714
47.932902 32.184289 2.945377 16.937432
0.140582 18.066761 25.705764 56.086893
83.644679 0.989251 8.734185 6.631884
60.009945 4.939547 3.562065 31.488443
39.635842 0.651642 19.327706 40.384810
92.861544 1.773302 0.960642 4.404512
9.720700 4.693192 0.350003 85.236105
0.202116 16.110027 56.290791 27.397065
0.509860 0.176806 76.593745 22.719588
10.019919 2.602536 80.796296 6.581249
10.843743 52.833127 3.947467 32.375663
25.706450 27.453742 30.929683 15.910125
17.257399 27.525462 22.766306 32.450833
3.941294 5.397370 76.816024 13.845312
18.303563 7.447955 42.602182 31.646299
18.895010 80.293198 0.254461 0.557331
1.086643 4.431104 7.038520 87.443734
6.107025 76.073217 7.675107 10.144650
8.062062 64.752049 13.994921 13.190968
1.318941 0.432822 14.878010 83.370228
10.387986 53.163758 2.986650 33.461606
25.458295 73.626150 0.020844 0.894711
54.358982 36.161969 3.221783 6.257266
7.521597 51.159393 5.199081 36.119929
6.391971 29.894536 1.271664 62.441828
22.945978 33.717739 35.444575 7.891708
8.713792 11.986913 26.930831 52.368464
19.293247 9.549796 22.977745 48.179212
0.482859 4.152902 85.081886 10.282353
0.946580 19.635103 19.077168 60.341149
1.850940 82.035287 7.512745 8.601028
76.059055 9.838341 7.768978 6.333626
61.681642 12.646188 9.984623 15.687547
31.424856 1.092616 21.677941 45.804587
0.754724 2.858667 26.115308 70.271300
15.545436 9.037224 49.455013 25.962328
15.699336 2.968836 39.508002 41.823826
6.296002 11.822837 13.481517 68.399644
0.342609 4.030693 44.782607 50.844091
73.989066 4.937904 19.161042 1.911988
47.159415 52.471311 0.033539 0.335735
27.449365 52.835678 1.842919 17.872039
0.458237 4.580369 9.137647 85.823747
11.836807 49.874671 11.988898 26.299624
5.607400 8.501306 82.431211 3.460082
0.703926 11.506529 50.229755 37.559789
9.638976 70.078422 15.021146 5.261455
77.932888 6.722406 2.497431 12.847276
27.605235 34.695250 22.496372 15.203143
6.082140 8.417204 42.571587 42.929069
6.461768 1.335711 73.082182 19.120338
58.426992 10.160306 22.452024 8.960678
30.209073 54.757510 5.431245 9.602173
44.463507 6.313189 47.016540 2.206764
16.980518 68.239368 3.087554 11.692560
1.538499 1.516404 29.207495 67.737602
38.422228 28.144744 16.647642 16.785386
10.956923 15.173025 1.941042 71.929010
11.009757 7.634000 60.331289 21.024954
0.442586 64.299380 25.950438 9.307596
33.098396 17.952966 15.135581 33.813056
20.375227 2.434307 58.127834 19.062632
10.067190 64.547514 2.739415 22.645881
20.719393 33.273954 16.298264 29.708389
21.571574 45.682066 6.209087 26.537274
3.573593 73.922058 18.947416 3.556933
4.511291 0.869122 6.508760 88.110826
58.917560 0.019785 21.851543 19.211112
10.467991 0.234850 66.056515 23.240644
