1000 4
2.622176 2.849792 76.269786 18.258245
29.814262 32.382460 15.442270 22.361007
32.388257 6.440443 47.705661 13.465639
20.359088 7.263215 11.048715 61.328982
4.525547 2.243458 77.704351 15.526644
88.714046 3.305363 2.195655 5.784935
35.977458 8.918321 2.097078 53.007142
6.771061 13.197200 66.332041 13.699699
49.553282 29.807050 7.759008 12.880660
7.027632 56.078542 4.009489 32.884337
28.942859 48.677918 12.361265 10.017958
2.476289 27.947614 30.608217 38.967881
15.737275 27.116816 2.635196 54.510713
1.909769 37.999286 51.024212 9.066733
2.404293 6.671912 3.532395 87.391400
16.489076 18.216573 39.463159 25.831192
11.264711 4.931462 71.115733 12.688094
26.212043 24.860682 47.950730 0.976545
32.640152 0.756253 35.079343 31.524252
12.365565 3.082905 59.511458 25.040072
37.076318 31.160017 15.322016 16.441649
28.089522 58.366364 0.128551 13.415564
52.286656 7.718838 20.007628 19.986878
0.966839 6.009692 61.582235 31.441234
15.966072 5.644085 34.595646 43.794198
1.757571 52.727124 17.417414 28.097891
10.187212 67.207728 8.757245 13.847815
18.729146 17.612295 24.783845 38.874714
42.991483 13.861448 5.706943 37.440126
24.970864 9.280059 60.457768 5.291309
27.086537 32.162098 35.133704 5.617662
7.510129 12.537480 18.985856 60.966535
7.526032 6.005876 63.055973 23.412120
3.293613 3.392993 34.694573 58.618821
28.734885 6.123357 60.607063 4.534695
2.592695 23.213757 22.794472 51.399077
3.809352 31.570757 63.525375 1.094517
41.571382 57.668707 0.146801 0.613110
15.872706 79.769251 1.166685 3.191359
47.408239 11.300218 39.387447 1.904096
38.511646 17.688189 30.856746 12.943419
20.499084 7.883130 8.272754 63.345032
18.513569 41.159273 31.368713 8.958446
9.469941 71.697087 6.278041 12.554932
39.336406 34.149113 3.718193 22.796288
64.526582 9.840922 16.043485 9.589011
1.517551 64.606904 28.477913 5.397632
3.567360 22.495447 24.649492 49.287701
0.035402 6.593219 89.635613 3.735767
14.927592 57.633216 25.730889 1.708303
10.659759 10.779494 17.137737 61.423010
4.586456 7.807111 64.209604 23.396829
63.185565 23.358824 0.992119 12.463492
4.343749 51.428827 24.311788 19.915636
9.261849 59.868678 2.706625 28.162847
17.337337 5.508819 72.060800 5.093044
71.229241 2.390560 26.324649 0.055551
27.495198 4.430215 67.141774 0.932813
4.898237 0.216666 16.193044 78.692054
31.376163 21.295733 5.183891 42.144213
34.576624 16.306886 48.573865 0.542624
28.981646 2.470730 55.788691 12.758933
5.309864 5.106103 38.141632 51.442401
45.672915 43.535740 1.198124 9.593221
40.162569 49.052190 7.154064 3.631177
8.304993 0.502649 47.946469 43.245889
13.067716 10.043951 21.182012 55.706321
8.361145 23.079024 67.160053 1.399778
26.334430 5.178983 22.102898 46.383689
19.597583 12.834437 26.375989 41.191991
11.046446 10.392807 65.556398 13.004349
4.935159 4.064749 36.781067 54.219025
22.215916 70.481005 5.133128 2.169951
3.259588 44.337079 44.838778 7.564555
30.221859 9.674989 6.522624 53.580529
5.204248 4.723423 87.491137 2.581192
20.304816 2.059147 28.323044 49.312992
11.902318 34.537698 32.367773 21.192212
85.125005 5.090761 6.196552 3.587682
25.267542 51.336969 12.843350 10.552139
3.670099 23.402871 32.683292 40.243738
11.008900 18.636780 60.018137 10.336183
3.833467 5.279360 47.358855 43.528318
19.296205 59.926794 13.490118 7.286883
27.844281 71.176075 0.003438 0.976206
60.795810 33.277495 5.864474 0.062221
3.339038 1.327242 36.626978 58.706742
19.618372 6.569561 8.382052 65.430015
32.745501 15.318100 32.435880 19.500519
23.900863 6.822121 9.763520 59.513496
9.350339 13.837624 8.052289 68.759748
4.371400 16.417809 76.302665 2.908127
4.929362 79.020954 9.582201 6.467483
1.445680 66.033796 24.996549 7.523975
1.731579 6.764774 84.058696 7.444951
8.843171 14.695755 58.154939 18.306135
23.673493 21.902849 15.489823 38.933835
16.776271 24.121584 52.062268 7.039878
49.178935 26.259769 19.201092 5.360205
12.777477 16.773595 22.736210 47.712717
17.699588 6.541265 73.449404 2.309744
2.290352 29.229164 65.686257 2.794226
12.646435 56.893041 14.927674 15.532850
16.819570 3.517965 10.638842 69.023623
28.923983 48.766987 19.339894 2.969136
5.300574 41.691827 10.130118 42.877481
33.744943 0.930187 33.885519 31.439350
56.990882 42.414007 0.176098 0.419013
38.005038 43.842552 9.659827 8.492582
2.108406 85.342383 1.298696 11.250515
24.159136 36.459779 2.023919 37.357166
18.782883 52.187911 10.711757 18.317449
11.104678 6.046724 31.423150 51.425447
8.179425 69.304018 4.269398 18.247158
13.589865 18.741444 11.341791 56.326901
36.392650 34.889433 26.826586 1.891332
0.999304 35.302463 33.716305 29.981928
84.031859 15.049534 0.573670 0.344937
41.121433 11.797662 30.938018 16.142887
0.181163 11.620345 20.532185 67.666308
6.913220 3.435607 63.451044 26.200129
7.557272 2.376503 59.608025 30.458200
18.935844 43.117441 16.316149 21.630565
0.830859 42.868595 40.584091 15.716455
32.615326 67.357208 0.011247 0.016220
49.278244 32.181761 14.944253 3.595742
5.221005 16.602781 77.462853 0.713361
0.952220 2.050801 85.564674 11.432305
25.784199 23.024053 2.555916 48.635832
20.686559 20.235711 20.905371 38.172360
76.614043 15.197841 7.753809 0.434307
26.566857 19.235322 7.917874 46.279947
26.324257 19.447403 17.435089 36.793251
47.241063 4.796047 19.109333 28.853556
10.117814 55.182641 0.605736 34.093810
6.242903 26.591961 16.935281 50.229855
30.516387 22.634649 22.192743 24.656221
15.655411 2.783872 72.614850 8.945867
32.930871 55.588066 5.902234 5.578829
22.928340 49.977328 24.535970 2.558363
4.270620 43.149040 38.685471 13.894869
22.731284 21.612110 47.240258 8.416348
14.449109 20.287058 49.642499 15.621334
36.583435 47.846021 1.053496 14.517048
35.397454 34.218318 18.253533 12.130695
19.710668 17.128224 20.039151 43.121956
17.922685 37.215106 18.896701 25.965508
3.529714 81.015713 11.202644 4.251930
22.710642 9.449763 12.881801 54.957794
2.758331 81.396458 2.482660 13.362550
10.611657 67.701891 4.446891 17.239562
48.499101 16.612139 16.741111 18.147649
9.621252 69.391169 8.714774 12.272805
77.202767 17.041442 1.556331 4.199460
52.684214 27.597777 18.086626 1.631383
30.116051 34.912789 28.282593 6.688567
37.745007 8.249439 8.659480 45.346074
21.940928 6.218501 25.472083 46.368488
94.178554 2.684143 1.015959 2.121344
95.118797 3.065352 0.595623 1.220229
11.796251 6.423299 16.130468 65.649982
10.858195 1.605564 67.203640 20.332601
0.006700 0.325951 79.747262 19.920086
21.863182 24.613456 48.985629 4.537733
1.907719 29.520242 3.990810 64.581229
47.220792 17.936225 21.361756 13.481226
0.973089 11.243470 20.266785 67.516656
35.957125 41.266911 0.599166 22.176797
10.519955 3.649789 49.920744 35.909512
5.876195 13.561044 50.567166 29.995596
38.889288 35.166927 3.409343 22.534442
54.698946 39.673441 0.308972 5.318641
10.203280 7.485248 28.833005 53.478467
47.393314 32.305773 19.727206 0.573707
32.707834 15.380181 23.778404 28.133580
50.466204 32.409860 1.290815 15.833121
2.805147 27.530251 51.639867 18.024735
76.976001 17.149186 3.008854 2.865959
8.360470 61.328546 2.320015 27.990968
27.214361 28.390363 36.194201 8.201074
22.547859 0.930030 61.629643 14.892468
6.336997 71.930772 15.085950 6.646281
6.188570 17.219127 27.404650 49.187653
25.247544 36.921711 7.537978 30.292766
16.520410 9.176175 51.713290 22.590125
73.511649 0.446907 15.476885 10.564559
39.108899 25.459111 30.798484 4.633506
52.803885 16.222880 9.592468 21.380767
56.797929 15.393605 24.057331 3.751134
14.226960 63.741728 5.483791 16.547521
24.167186 34.025508 26.349818 15.457488
17.182583 53.098493 3.172607 26.546318
11.911250 14.337720 55.013357 18.737673
4.473379 20.274081 64.093384 11.159157
15.575404 41.659009 38.557810 4.207778
24.865070 13.615719 46.255343 15.263869
15.401862 4.258162 11.271184 69.068793
38.618528 19.052300 38.709484 3.619689
23.673713 68.235830 7.894411 0.196045
57.089469 17.775486 22.085118 3.049926
1.619401 7.349989 2.753115 88.277495
38.677071 34.426966 26.469134 0.426829
14.705326 77.338498 7.470311 0.485864
67.112415 1.258201 20.711083 10.918301
58.771295 35.619403 0.178720 5.430582
48.349696 23.359646 0.287508 28.003150
7.615530 6.706807 74.708768 10.968895
19.315718 3.515179 75.539384 1.629720
17.642580 80.672798 0.354949 1.329672
0.194571 1.166554 94.361222 4.277653
91.117273 5.156417 1.712417 2.013893
17.693524 43.996591 25.103047 13.206838
17.079397 33.193744 23.721443 26.005416
10.527832 15.501405 55.581352 18.389411
2.603717 6.274118 43.418390 47.703776
52.155543 17.490748 27.067020 3.286690
17.896620 57.294884 6.951103 17.857393
1.788526 3.219561 15.912675 79.079238
13.644233 16.083847 8.402520 61.869400
74.788876 5.786093 18.702973 0.722058
11.972496 19.885776 55.899217 12.242511
16.626679 0.259212 60.676064 22.438045
2.020723 6.503097 59.826488 31.649692
24.136747 46.992743 11.062902 17.807608
91.613844 6.844972 0.765113 0.776072
1.753239 10.847854 21.090218 66.308690
37.953261 8.904859 18.222668 34.919212
29.916772 39.439593 13.305063 17.338572
12.797445 39.254924 38.824016 9.123614
13.436736 18.555818 1.369821 66.637626
41.443616 22.666617 4.621080 31.268687
17.794437 19.956959 24.151326 38.097278
23.266502 15.620183 26.916940 34.196375
42.065347 26.116055 14.212378 17.606220
11.384080 59.980403 1.027722 27.607795
36.676006 3.416160 16.319386 43.588448
68.515993 13.859568 12.649665 4.974775
9.748748 4.448462 77.933977 7.868813
24.394099 0.820293 56.974185 17.811422
24.703107 26.732789 25.300999 23.263106
24.535346 1.136824 14.882806 59.445024
55.708820 20.492846 17.595094 6.203240
8.499198 74.807178 7.134541 9.559083
13.386463 7.253205 27.857373 51.502959
16.706751 38.977321 26.034779 18.281149
82.977779 4.695795 3.068534 9.257892
0.271152 33.256483 63.374636 3.097729
36.059054 8.784844 11.814957 43.341146
1.727190 3.671535 64.272396 30.328880
0.106884 8.850299 39.168389 51.874429
12.677625 6.030222 2.709160 78.582994
48.083389 17.091940 5.685964 29.138707
52.520339 28.893889 11.223953 7.361819
41.276086 5.282952 23.788869 29.652093
21.882141 6.814414 12.135970 59.167476
31.508807 11.671832 27.177643 29.641717
6.316659 7.212197 2.646887 83.824257
36.900619 39.597077 11.241542 12.260762
0.757851 80.927992 13.678469 4.635689
25.376665 1.876364 28.843918 43.903053
62.823924 10.478484 15.742185 10.955407
1.138051 5.026688 5.048725 88.786536
57.374296 9.317802 19.917448 13.390453
18.055967 50.436724 9.119398 22.387911
6.520368 51.870696 8.916835 32.692100
40.435240 18.605868 16.736308 24.222584
38.944603 30.082162 1.640966 29.332269
52.896797 42.458286 0.608984 4.035934
64.058480 25.577435 6.491352 3.872734
1.636735 14.977542 1.358927 82.026796
32.444287 18.213387 45.320189 4.022137
0.830298 5.627419 56.213297 37.328986
0.242545 17.418516 56.180049 26.158890
1.600567 0.319047 83.871346 14.209039
0.297520 7.026922 34.149134 58.526423
51.878432 39.054519 6.029849 3.037200
17.486171 68.493626 11.223608 2.796596
7.072825 31.969504 31.318778 29.638893
63.219862 11.068294 5.454360 20.257484
31.550125 4.135168 63.029080 1.285627
33.511811 13.837657 9.806397 42.844136
6.782414 66.202601 19.689684 7.325301
2.271415 0.310451 49.361653 48.056481
22.000416 6.955546 68.390213 2.653826
44.890041 35.514024 1.468783 18.127152
10.134802 74.108491 7.054861 8.701845
75.561757 2.104798 22.004922 0.328523
3.377082 16.142557 69.972992 10.507370
2.814748 0.462940 68.815798 27.906514
80.690671 1.828327 0.186723 17.294279
0.929120 1.381131 26.134475 71.555274
1.310102 39.651841 43.060107 15.977950
29.115629 2.120065 19.565100 49.199206
9.746183 4.109220 46.998717 39.145880
2.648238 12.992498 27.204942 57.154322
5.565517 54.760420 18.821781 20.852281
18.229475 56.849110 13.338018 11.583396
57.992617 7.689319 5.817952 28.500112
39.973095 30.185907 4.537121 25.303877
52.002867 8.591633 4.357009 35.048490
18.767532 8.506860 18.721290 54.004318
3.661837 0.372710 8.721736 87.243717
33.261901 5.414206 10.048158 51.275735
11.227100 5.063680 22.946141 60.763078
11.507542 21.150315 27.646306 39.695837
20.128619 7.292262 14.887059 57.692060
27.177614 45.816557 5.469243 21.536586
59.459395 12.201117 0.451467 27.888021
28.795479 61.746835 0.578712 8.878974
8.190745 63.436196 7.916089 20.456969
79.341878 6.866807 9.757922 4.033392
47.016962 33.710600 3.054935 16.217504
53.406023 31.795552 12.945856 1.852569
38.213986 11.680725 15.835761 34.269528
67.602365 12.935982 18.823761 0.637892
6.380251 12.290973 5.582092 75.746684
90.154843 1.348804 3.176636 5.319717
28.234715 34.590689 7.342570 29.832026
46.772435 45.747479 7.008001 0.472085
16.893911 6.959356 14.473154 61.673579
16.208345 36.433032 32.359148 14.999475
26.450557 35.929276 7.249175 30.370991
52.428799 25.039385 13.298220 9.233595
32.091128 47.800226 3.611542 16.497104
53.189876 23.619109 22.729559 0.461456
1.078680 3.276311 41.288450 54.356558
2.539682 2.538598 25.895116 69.026604
18.589177 78.526824 2.856538 0.027461
45.699388 3.963382 18.508345 31.828885
28.936392 44.787172 24.575569 1.700867
46.522149 41.496285 0.313736 11.667831
1.620973 1.256922 72.517759 24.604346
0.715020 8.812859 35.471521 55.000600
11.031658 6.125848 24.427753 58.414741
9.121356 6.293543 29.717206 54.867895
34.136663 65.823663 0.029844 0.009830
30.937246 51.218581 16.414112 1.430061
50.165164 17.067112 19.553432 13.214292
11.310471 1.788073 33.061115 53.840341
2.506172 0.039072 46.658840 50.795916
17.919868 3.971058 46.543158 31.565915
26.168611 66.360458 5.110886 2.360045
2.396763 0.072184 90.286246 7.244807
7.067449 2.066740 79.559926 11.305884
39.850051 16.377251 26.274039 17.498659
13.241507 44.880994 14.689778 27.187720
38.910258 40.990251 7.508709 12.590782
13.282080 8.413529 66.193223 12.111168
56.518515 23.983210 17.983852 1.514423
5.193905 25.620634 38.776543 30.408918
57.880085 30.586971 10.308799 1.224146
46.211020 24.301996 6.784337 22.702647
42.115727 57.566881 0.276652 0.040741
8.735570 4.686470 24.657293 61.920667
2.711194 1.289783 89.415882 6.583142
26.449852 27.619791 6.903501 39.026856
17.043352 47.051622 1.552703 34.352323
26.399726 16.185802 3.136445 54.278027
3.153019 4.089023 41.800104 50.957854
4.076640 49.269714 1.933520 44.720125
45.935522 50.051294 1.836656 2.176528
14.666668 19.736848 53.647102 11.949382
60.732802 3.255356 32.403733 3.608108
5.654927 24.241005 16.227893 53.876176
5.635226 48.120076 4.277709 41.966989
4.487636 7.811324 17.303605 70.397436
38.949838 46.202907 5.424706 9.422549
36.650286 30.447709 13.263423 19.638582
27.629396 3.148521 36.437345 32.784738
0.322859 1.175600 73.241113 25.260428
38.673972 49.881587 10.122115 1.322326
23.962370 39.976960 28.296517 7.764154
28.025469 7.638461 58.679396 5.656673
18.467870 6.001871 20.743333 54.786926
14.203006 20.176095 25.195365 40.425534
25.004531 15.713264 24.487583 34.794621
50.398583 0.442202 49.111207 0.048009
57.781427 23.947141 16.412337 1.859095
51.014065 5.094215 9.473014 34.418706
31.773516 34.262435 10.627564 23.336485
6.384865 9.939485 35.406442 48.269208
5.425433 46.922966 38.539234 9.112367
21.710007 37.129679 31.132457 10.027857
39.681859 24.770182 33.254543 2.293417
7.718967 27.859511 63.342161 1.079361
51.215215 47.396193 0.630115 0.758477
2.792881 4.095147 3.631614 89.480358
7.431297 6.732343 60.153823 25.682536
34.517689 15.779866 6.073445 43.628999
1.397172 7.688188 14.841225 76.073415
15.528575 56.974248 24.443427 3.053750
51.205497 42.928845 5.792621 0.073037
53.381525 27.639014 6.304283 12.675178
14.743206 49.858375 29.577725 5.820694
33.535929 34.041206 17.134139 15.288726
3.278262 86.687252 4.148906 5.885580
73.431531 7.006104 13.737297 5.825068
40.837422 20.578027 29.848360 8.736192
22.259678 8.017735 8.487912 61.234675
0.814235 17.164219 61.603145 20.418401
12.823217 83.459629 1.217687 2.499468
39.426985 36.576311 6.369925 17.626779
15.105170 73.294744 2.643447 8.956638
9.291626 67.514307 7.447980 15.746087
18.744623 71.886195 7.482593 1.886589
0.752116 5.061660 0.241452 93.944772
22.453577 48.907854 18.067461 10.571108
46.448009 39.446336 2.951826 11.153829
11.545383 1.022140 42.740972 44.691506
32.586450 37.804492 27.532529 2.076529
32.364904 60.368639 3.743333 3.523124
12.996844 7.319328 11.789520 67.894308
45.530846 25.488777 24.936727 4.043650
4.395677 2.788380 57.632166 35.183777
19.215612 55.884336 11.350053 13.549999
0.588924 0.659283 40.342158 58.409635
0.520644 4.130377 48.266656 47.082323
42.894788 3.633732 41.314050 12.157431
0.676415 38.552077 11.667640 49.103868
26.737595 24.716612 26.535957 22.009836
85.574180 10.171540 0.622815 3.631465
0.013081 0.005230 91.239737 8.741952
21.472810 7.870737 46.063514 24.592939
50.530841 24.678974 8.552149 16.238037
15.120246 9.734028 22.513675 52.632051
3.434010 43.372228 48.565465 4.628297
95.546063 0.868012 0.713749 2.872176
13.460891 58.562791 22.304554 5.671764
7.132161 6.051835 73.446652 13.369352
34.676621 17.397111 19.423836 28.502431
4.067312 7.252003 50.322845 38.357840
37.493771 6.004260 26.917195 29.584773
35.013858 14.517683 10.200891 40.267568
0.136977 2.005422 67.380694 30.476907
8.969382 20.822787 31.978877 38.228954
0.344051 2.399563 12.816342 84.440044
47.452925 1.221046 16.713423 34.612606
48.658602 41.880660 2.138605 7.322132
32.282919 48.688790 4.686371 14.341920
12.443015 33.270660 46.613972 7.672352
12.984428 25.081309 16.644585 45.289678
30.998122 8.419585 19.587048 40.995245
0.301679 1.166261 81.196407 17.335652
52.558390 41.237197 4.238966 1.965447
18.698029 1.050498 40.097571 40.153902
52.765324 37.950945 0.757613 8.526118
50.139019 36.695296 12.572231 0.593454
26.014461 41.104897 29.850168 3.030474
4.046427 0.284150 67.906108 27.763315
40.195306 11.200916 10.721400 37.882378
67.960102 14.293385 3.562084 14.184429
26.112048 71.739449 0.128122 2.020381
46.946073 16.941375 11.791381 24.321171
18.969998 8.212839 62.901389 9.915775
45.539114 38.850669 13.035272 2.574945
35.180363 7.759179 44.879363 12.181094
0.620704 0.084274 44.636851 54.658172
7.814931 21.327194 62.422054 8.435822
31.312984 44.943616 17.325501 6.417899
2.838769 2.797999 51.306965 43.056266
73.774274 4.954325 9.142282 12.129119
1.911443 85.563761 11.024894 1.499902
61.599445 5.324594 22.519352 10.556609
7.566787 17.604879 31.114720 43.713613
9.428853 5.104061 69.219810 16.247276
16.528795 40.415692 19.169801 23.885712
12.688676 45.339218 6.010105 35.962001
3.138089 40.842135 51.352459 4.667317
66.554799 8.258275 21.267491 3.919435
30.913410 17.333301 36.718664 15.034625
0.398282 8.485656 76.653504 14.462558
9.577338 2.272999 9.870330 78.279332
39.733394 37.377724 7.300385 15.588497
69.708687 0.038314 26.095485 4.157514
0.756697 21.381429 17.617357 60.244516
18.050791 18.293702 57.778927 5.876580
28.955515 11.862991 52.516870 6.664623
6.032558 7.911349 58.676877 27.379216
5.486922 16.263620 19.362365 58.887093
31.419475 7.464158 51.835229 9.281138
78.148767 7.037549 9.547722 5.265963
3.992765 69.056339 18.411689 8.539207
13.673317 31.628359 22.245243 32.453082
8.806876 17.078924 19.856824 54.257376
20.498078 0.806893 12.159579 66.535449
0.571010 17.419651 80.745423 1.263915
18.920761 3.455410 43.858991 33.764838
21.501994 12.813018 9.253270 56.431718
15.187329 19.735001 42.486084 22.591586
3.809225 21.539449 35.570274 39.081052
54.203865 6.784324 18.326634 20.685177
38.476337 22.521008 18.330665 20.671990
6.616319 0.308330 59.653781 33.421570
79.365569 7.078109 5.321250 8.235071
9.222109 4.639398 40.602100 45.536393
33.278088 1.863976 36.467868 28.390069
27.035546 41.371693 18.704781 12.887980
55.502410 27.559817 14.806013 2.131760
21.920156 24.593104 21.295450 32.191290
18.362195 24.995451 1.809886 54.832467
24.418734 12.761966 62.029434 0.789866
40.580273 23.587945 22.340871 13.490911
22.808704 56.103006 1.226670 19.861621
28.625573 37.987178 29.254473 4.132776
3.389897 29.222183 27.015220 40.372700
3.609744 4.318965 21.888954 70.182337
12.399400 10.281956 26.041095 51.277549
18.603264 19.865318 28.712284 32.819135
3.694793 11.948995 71.831630 12.524582
0.406616 3.106064 30.756861 65.730459
73.302018 12.384801 5.133473 9.179708
38.599293 45.405956 12.803806 3.190945
35.644244 15.251474 6.981928 42.122353
26.817084 10.131675 60.032124 3.019117
4.598903 61.263093 23.308067 10.829937
4.630354 44.092447 43.884595 7.392605
8.844582 28.851881 25.144260 37.159277
2.707010 12.781134 54.812646 29.699210
3.169132 3.001711 93.809113 0.020045
1.188139 75.752075 9.068526 13.991260
4.442561 2.524815 52.247272 40.785353
1.310437 13.491040 29.217682 55.980840
23.319032 9.289995 20.206803 47.184170
48.630035 0.291135 2.526895 48.551934
10.971322 19.794387 65.625411 3.608880
5.939862 77.485536 8.991673 7.582930
23.379043 23.656084 51.896427 1.068446
24.164329 12.015364 4.140812 59.679495
32.654015 8.750447 45.178310 13.417228
62.086655 26.685585 2.471224 8.756535
73.827770 22.967786 2.752045 0.452399
36.066366 48.280691 7.670979 7.981965
6.263192 0.786583 62.146474 30.803750
9.271693 29.883555 33.162219 27.682533
76.559681 16.418010 4.007176 3.015133
57.967886 24.947852 3.665866 13.418395
10.684216 49.916389 2.258128 37.141268
35.622750 30.529171 1.533994 32.314084
60.583664 38.589285 0.249703 0.577349
10.558077 20.741706 45.450706 23.249510
21.317743 7.455107 35.697264 35.529885
0.189702 1.485764 29.097965 69.226569
38.694163 23.905404 12.897882 24.502551
21.164856 39.393023 19.414715 20.027406
19.169113 39.102929 34.045083 7.682875
27.789521 6.400365 47.738291 18.071822
8.686328 0.835447 39.168481 51.309744
13.447826 6.691338 13.083070 66.777765
10.092264 75.802081 1.807601 12.298055
9.161741 69.179273 13.773256 7.885730
4.903658 71.865652 7.632728 15.597961
16.805094 72.254021 7.494375 3.446511
12.898231 36.538702 30.802007 19.761059
20.531950 21.965075 1.716297 55.786678
0.423164 0.837250 62.386109 36.353476
16.676840 4.167302 32.597710 46.558148
69.712598 16.639525 1.369494 12.278383
20.771088 7.724044 24.080820 47.424048
38.474133 0.986300 16.844363 43.695204
49.963932 31.718858 4.196518 14.120692
1.316594 15.581504 29.122566 53.979335
43.982549 3.989496 33.001160 19.026795
36.718845 1.804669 42.716655 18.759831
10.086599 80.962322 8.590763 0.360316
6.050163 52.759004 3.418008 37.772824
63.640620 26.050227 4.713322 5.595831
31.017919 0.114012 5.741983 63.126085
11.178021 13.133024 26.231385 49.457571
14.580804 55.648390 18.225726 11.545080
14.771193 7.446282 61.296437 16.486088
19.026622 56.772200 19.338342 4.862836
56.734683 29.852432 6.039421 7.373464
23.302089 44.574128 7.284149 24.839634
29.083230 37.242647 10.877008 22.797115
6.234248 8.341392 25.095214 60.329146
13.233506 4.021659 66.765059 15.979776
4.401865 12.853300 4.946963 77.797872
7.824562 13.657417 47.683038 30.834983
53.727371 16.294297 17.762667 12.215665
33.725268 0.827789 12.359560 53.087384
3.438749 38.402128 38.613597 19.545527
30.677615 50.159813 2.544522 16.618050
35.861478 17.417735 36.059715 10.661071
50.145431 29.385805 6.420422 14.048343
23.213996 24.831293 0.527998 51.426712
14.581848 4.467806 80.387076 0.563270
1.833293 3.360958 38.759051 56.046699
2.546193 66.291357 10.685790 20.476660
11.374985 1.543500 11.268216 75.813299
58.554169 28.795909 2.380040 10.269882
13.308796 28.980703 27.116028 30.594474
3.252369 12.403627 43.571000 40.773004
28.815304 2.572983 7.908763 60.702950
0.167404 0.021810 17.368728 82.442058
1.736444 27.759696 42.805377 27.698483
7.930391 20.247349 55.008131 16.814129
50.708717 19.261070 21.228365 8.801848
40.098286 7.779152 39.062891 13.059671
41.888982 9.668988 16.109891 32.332139
37.627548 7.350632 35.649075 19.372745
1.891012 21.885959 13.015163 63.207866
5.504136 14.061281 70.357861 10.076722
3.161623 1.721338 3.518230 91.598808
13.631514 3.074318 37.209999 46.084169
1.653055 22.093397 53.370735 22.882813
45.148662 25.822132 14.978386 14.050820
67.749429 14.076798 5.893012 12.280760
26.325423 67.100890 5.155109 1.418578
30.632073 60.276463 0.450314 8.641150
9.735180 11.429406 8.536273 70.299141
50.474478 18.726242 19.345072 11.454208
19.404183 7.586387 42.635440 30.373991
42.853447 41.771328 9.653447 5.721778
0.192032 12.702038 63.741752 23.364178
5.728432 27.219351 38.974472 28.077745
5.082366 42.758450 38.240306 13.918879
37.021289 4.615113 44.381413 13.982185
8.244933 12.461875 47.144687 32.148504
5.670460 5.123937 9.381466 79.824137
12.130011 13.456707 21.195079 53.218203
2.930843 49.893645 16.385525 30.789987
8.500370 32.812537 53.743816 4.943278
32.900585 51.892042 10.481378 4.725995
12.132821 60.626357 14.853717 12.387104
27.578650 46.920083 16.107661 9.393606
10.042500 40.535826 39.684245 9.737429
14.047849 41.578238 36.738788 7.635124
0.574911 0.511548 88.010019 10.903522
1.793568 19.377122 23.482555 55.346755
57.686112 3.759855 8.381005 30.173028
84.463737 6.096888 0.806900 8.632475
21.118010 68.597253 6.690870 3.593867
2.926466 33.729315 39.239508 24.104711
58.254972 8.995615 20.325085 12.424328
9.155202 57.716956 25.034688 8.093154
73.137569 1.529016 23.338719 1.994696
76.959641 13.350732 8.463305 1.226322
3.707350 1.032174 37.822772 57.437703
1.554349 81.126397 10.156767 7.162487
14.179996 4.842191 50.227151 30.750662
80.041335 15.371733 3.402928 1.184004
4.474855 16.726354 50.835525 27.963266
2.812898 54.223144 23.091472 19.872486
27.537693 45.578552 17.701255 9.182500
64.999666 31.438824 3.269998 0.291512
48.593957 31.468301 8.606202 11.331540
5.037414 86.106115 0.352724 8.503748
55.722413 28.383548 8.798547 7.095493
10.420608 11.760245 49.574172 28.244976
78.185691 11.154194 1.094738 9.565377
9.644507 2.919963 63.526647 23.908882
42.629675 21.782691 11.958844 23.628790
37.004307 14.550611 16.836836 31.608246
15.432791 71.905079 9.432353 3.229776
53.766477 20.601026 2.616678 23.015818
37.615750 40.636760 1.941989 19.805501
80.262878 8.713836 2.721928 8.301358
33.908715 36.006139 11.762469 18.322678
26.707217 4.238551 8.328572 60.725659
12.527046 43.221115 42.868927 1.382912
40.396086 55.786049 3.416236 0.401629
80.889145 12.860664 0.393319 5.856871
42.177199 20.388797 5.268887 32.165117
32.276372 61.665704 0.259200 5.798724
69.857082 7.531754 14.155871 8.455293
37.121035 2.833797 14.841328 45.203839
14.930755 55.402202 6.717118 22.949925
4.701147 49.386807 36.744209 9.167837
34.213463 30.394222 34.739923 0.652393
35.028128 37.377036 24.689407 2.905429
11.650225 1.951875 22.615277 63.782623
4.249372 10.381202 56.973742 28.395684
0.034246 0.045102 87.414942 12.505710
57.131909 18.053491 13.420952 11.393648
1.559290 10.071314 75.084456 13.284940
18.788077 70.420578 4.077835 6.713510
48.542876 14.071950 26.700273 10.684901
0.946215 2.551206 61.517559 34.985019
37.631127 43.715960 8.613459 10.039454
43.317883 25.742452 16.745963 14.193702
21.637533 13.129153 12.938362 52.294952
23.407902 9.033274 46.755317 20.803508
4.998264 28.141785 54.141726 12.718225
92.506826 6.742418 0.188542 0.562213
9.176538 48.537016 0.206483 42.079964
36.317014 1.669375 19.052432 42.961180
48.646653 47.889496 3.136674 0.327177
20.301574 27.725404 4.112859 47.860163
27.381346 43.314782 2.633744 26.670128
38.033296 56.564928 3.857917 1.543859
36.643513 60.982147 1.851749 0.522591
40.977574 37.778492 6.300502 14.943432
71.558746 10.331570 14.807970 3.301714
23.532799 0.235016 68.175541 8.056644
0.609221 59.518346 13.087192 26.785241
10.850124 72.862147 10.897920 5.389808
43.846188 23.785881 20.699789 11.668142
0.825876 77.161123 19.416479 2.596522
27.162596 24.798218 12.089332 35.949854
76.806833 12.426237 7.178392 3.588539
39.636268 7.176073 28.699942 24.487717
82.965864 11.382108 1.942254 3.709774
41.970168 7.210410 28.603858 22.215564
30.236613 61.221256 3.707838 4.834293
5.249442 22.101246 70.305786 2.343526
0.650164 1.672295 2.405645 95.271896
21.445391 17.767842 37.991034 22.795733
8.483722 23.698046 24.693726 43.124506
64.914204 6.691375 13.536462 14.857959
13.039153 6.959626 12.835060 67.166161
6.940961 28.243828 12.477625 52.337585
45.145864 28.922558 16.047078 9.884500
11.661032 65.953641 17.549872 4.835455
11.421435 11.711595 34.083078 42.783892
21.000551 2.272864 32.449630 44.276955
33.680260 50.984189 6.763798 8.571753
13.299808 9.738615 36.579473 40.382104
9.612101 11.854619 50.302331 28.230949
8.540407 6.404507 27.875807 57.179279
48.493827 40.113613 6.851807 4.540752
7.281252 61.376239 2.203837 29.138672
17.027164 9.624650 33.371220 39.976966
11.182630 14.764207 46.777318 27.275845
33.989775 63.339855 2.198428 0.471942
33.864545 34.441983 21.167026 10.526446
10.722316 35.385049 39.116445 14.776191
30.762311 23.163895 23.448182 22.625612
63.838104 11.866111 12.880837 11.414948
67.658795 14.509239 15.871194 1.960771
59.599793 27.677040 7.114287 5.608879
66.903800 9.670192 3.868469 19.557539
44.224907 10.745032 34.195471 10.834590
18.288160 21.935235 20.576199 39.200405
4.195806 2.374829 45.296148 48.133217
7.506717 34.611878 42.462026 15.419379
28.796731 22.532350 28.480367 20.190551
31.836490 20.948324 15.158658 32.056528
85.378320 2.084677 2.908989 9.628015
0.533908 73.595552 11.771108 14.099433
35.805220 63.764469 0.385240 0.045071
1.057294 13.927294 80.568364 4.447048
76.147623 5.837301 3.929922 14.085154
44.748823 17.646270 22.893237 14.711671
30.540804 30.572511 33.642376 5.244309
0.543907 1.522196 50.412032 47.521865
0.123690 0.035006 34.330637 65.510667
25.090334 36.761529 6.311260 31.836877
15.112131 0.739183 81.868220 2.280466
0.183323 2.203225 19.140185 78.473268
7.112626 74.490816 3.474724 14.921833
30.145235 41.225351 17.988292 10.641122
67.033851 30.100461 2.576469 0.289219
63.273765 21.711128 13.205980 1.809126
30.900818 2.834342 13.379564 52.885275
11.853519 2.471869 2.836908 82.837704
33.798487 45.522171 3.203477 17.475865
11.736030 36.837230 16.862358 34.564382
2.366103 68.632157 28.368900 0.632839
59.456226 33.310888 4.160670 3.072216
1.192333 76.019496 17.842748 4.945423
16.664612 32.238248 19.882459 31.214681
21.626125 17.754960 13.258942 47.359973
8.417859 28.695701 52.311646 10.574794
13.574881 53.233188 32.318752 0.873179
46.689786 4.566051 23.069689 25.674475
58.435872 2.286806 18.283547 20.993775
15.255240 7.999864 3.770845 72.974051
83.059476 3.643609 12.521427 0.775488
2.809091 2.256982 1.576100 93.357828
6.852270 74.204891 3.879099 15.063739
30.816401 48.040375 9.778910 11.364313
3.064990 26.464719 63.816185 6.654106
15.416456 72.040437 1.884509 10.658598
46.545994 10.944774 18.464733 24.044499
6.925139 43.918697 5.825171 43.330992
38.883914 43.931114 8.854978 8.329994
7.267414 5.321471 25.593501 61.817614
13.403423 54.488053 9.204241 22.904283
11.206986 44.669353 7.408929 36.714732
7.848800 20.771458 40.688217 30.691524
35.908004 17.835091 40.971531 5.285374
65.449123 12.385284 17.792950 4.372643
17.977610 67.730572 1.399653 12.892165
59.418388 1.957387 14.338361 24.285864
29.614140 45.311852 24.816893 0.257114
48.381998 0.734491 22.895794 27.987717
46.313907 42.986304 9.337784 1.362005
8.190601 25.004381 37.012186 29.792832
18.455897 0.502201 77.930518 3.111384
8.907642 15.378987 36.210340 39.503030
0.584196 2.986470 43.460445 52.968889
39.510422 46.649434 10.252866 3.587278
25.385235 23.477950 47.530223 3.606591
17.438778 54.050830 20.162703 8.347688
38.262422 16.393177 29.384534 15.959868
9.944198 70.929852 16.469552 2.656398
60.742505 28.719454 3.013120 7.524921
14.020829 10.033860 63.726198 12.219113
1.188126 0.359162 80.328783 18.123928
62.838177 17.822243 9.300020 10.039560
22.559196 43.452340 31.183666 2.804798
86.557059 12.649459 0.706910 0.086572
32.097142 11.895289 16.889272 39.118296
0.746191 0.099172 97.732393 1.422244
3.374111 83.475463 5.113765 8.036661
16.135298 14.050560 58.583625 11.230517
14.947830 51.573365 5.387547 28.091258
80.079336 2.323691 16.904737 0.692236
7.650819 59.129784 26.624586 6.594811
38.330916 57.994655 0.262403 3.412025
39.802056 0.680747 5.487272 54.029925
81.251630 18.168519 0.354951 0.224901
10.239062 27.973164 33.610196 28.177578
17.611721 67.629528 10.900045 3.858706
41.591711 14.388391 2.584743 41.435155
46.554380 13.173395 23.091359 17.180866
26.097959 20.757108 34.797953 18.346979
45.104475 26.601815 16.981234 11.312476
3.398946 2.131008 53.856028 40.614018
0.710828 7.343007 86.364912 5.581253
36.241463 42.606158 0.297594 20.854785
35.048901 12.413485 24.125903 28.411711
67.363726 24.036158 0.775577 7.824539
24.233564 66.870290 7.767532 1.128613
1.377121 14.831259 7.126903 76.664716
37.417915 48.986089 10.567010 3.028986
44.494493 33.898402 11.693435 9.913670
38.622409 55.295252 3.827936 2.254402
8.691638 58.812253 13.730541 18.765568
60.676741 18.784303 11.611183 8.927774
41.736850 22.348968 13.342184 22.571998
3.890235 3.019155 31.310514 61.780096
47.046492 23.509250 19.665749 9.778509
15.078007 8.534164 11.040765 65.347064
18.703253 69.565432 1.847037 9.884278
28.447735 4.478684 25.642590 41.430990
5.358394 8.753365 21.407186 64.481055
86.922594 12.445673 0.548773 0.082960
21.908448 31.636277 9.592468 36.862807
69.431623 24.312083 4.684918 1.571377
22.876180 52.474020 12.456172 12.193628
1.314270 19.764865 31.879530 47.041335
47.807981 31.122040 2.768863 18.301116
37.171820 8.135959 7.385878 47.306342
14.005899 6.023399 36.132885 43.837817
20.177604 74.341272 3.613156 1.867968
28.439312 29.893767 35.995530 5.671391
49.185054 12.019817 8.423943 30.371186
8.396731 53.879340 34.309239 3.414691
43.712238 22.308454 32.618767 1.360541
17.491550 28.319785 4.126124 50.062541
0.848559 92.770021 5.651881 0.729539
11.522796 19.233758 14.650863 54.592584
18.087874 79.537786 1.330825 1.043515
24.276753 15.150109 29.061870 31.511268
57.867946 13.343944 23.192496 5.595614
6.448325 31.766952 13.044426 48.740296
42.755197 9.803780 4.162509 43.278514
22.245457 63.398637 13.926110 0.429797
30.179419 13.141605 8.076239 48.602736
0.635189 0.548929 79.521347 19.294535
7.611941 17.831340 0.759970 73.796748
7.601385 68.475155 2.030431 21.893028
3.872171 25.904739 56.031455 14.191635
4.307170 2.446576 64.657983 28.588271
1.156929 0.466656 71.454777 26.921638
10.660594 47.870855 30.966947 10.501603
85.526490 0.285455 14.169436 0.018619
60.611499 12.715324 15.959786 10.713391
10.608431 69.337856 7.331261 12.722452
26.377656 7.775608 49.840716 16.006020
32.705049 8.617012 34.248346 24.429592
2.100535 0.044917 63.630692 34.223857
39.202877 4.194443 50.732874 5.869805
4.800481 57.792982 0.371017 37.035520
7.265698 16.709643 63.177937 12.846722
46.013723 20.541043 5.738368 27.706866
5.057277 6.933446 55.783706 32.225572
26.592142 20.449089 47.555737 5.403033
0.032628 25.422860 12.705804 61.838707
15.754467 20.049848 36.591168 27.604517
57.850838 4.367247 28.068641 9.713274
5.110715 15.937901 68.935182 10.016202
17.172802 3.060970 49.801858 29.964370
24.040788 56.283929 11.053273 8.622010
13.081412 34.423700 43.451227 9.043661
6.367353 2.592881 57.971273 33.068492
72.632621 23.659380 1.187755 2.520244
17.065417 38.228019 19.857153 24.849411
0.454675 3.552406 19.578255 76.414665
29.734602 52.112988 16.784068 1.368342
2.756208 4.327138 85.560906 7.355748
0.794121 8.626942 57.553436 33.025500
39.255812 36.887869 22.566926 1.289393
45.587127 35.265560 6.818750 12.328562
2.455729 1.768032 29.837454 65.938785
12.153160 3.649324 16.907854 67.289662
21.051529 25.150443 16.296861 37.501168
4.197215 25.558332 22.286488 47.957966
0.657231 59.497803 15.699892 24.145074
65.479573 6.211458 16.541140 11.767830
0.350256 2.112587 56.435040 41.102117
0.463907 8.252179 31.505166 59.778748
16.939585 23.311277 19.436203 40.312935
24.495533 39.639115 9.443839 26.421514
20.043859 10.108429 4.661914 65.185798
6.159998 4.820562 87.538817 1.480624
2.214956 31.526308 3.198990 63.059745
42.461234 5.806841 28.282287 23.449638
55.020805 4.587947 5.563088 34.828159
41.110732 13.389222 26.241641 19.258404
1.685756 1.057858 44.495086 52.761300
6.689868 28.507129 15.151091 49.651912
17.314158 38.757499 3.025796 40.902546
54.574615 15.712564 28.952930 0.759891
13.423325 45.449931 1.758433 39.368311
26.174593 10.142433 22.505839 41.177134
9.232492 76.225438 10.365446 4.176623
23.216691 16.210172 36.936914 23.636224
0.759469 25.999160 26.033578 47.207793
27.361738 33.608141 27.395055 11.635067
3.743240 36.696837 35.575634 23.984289
0.360153 0.219698 92.074460 7.345689
2.607832 1.228345 13.535189 82.628634
12.281873 1.982478 34.179656 51.555993
16.548149 44.769640 21.311989 17.370222
14.892686 84.982188 0.077160 0.047966
22.721715 53.110678 11.590008 12.577600
90.291562 1.715641 1.424053 6.568744
9.344181 26.588312 28.661934 35.405573
3.759510 1.282148 61.535857 33.422485
40.677637 56.563490 2.162929 0.595944
1.566750 17.968147 51.225380 29.239722
3.512148 9.580293 14.144658 72.762901
36.063319 19.663480 23.704613 20.568589
19.902889 76.370801 3.689351 0.036959
5.007599 26.402050 10.487309 58.103041
1.684505 12.152588 29.285449 56.877459
27.231550 44.502207 23.702859 4.563385
9.345757 4.198357 68.440175 18.015711
31.257520 7.522350 42.975720 18.244410
25.482816 49.458436 1.316909 23.741839
44.610996 46.624088 3.043258 5.721658
5.645461 28.321640 17.081053 48.951846
41.377349 39.945323 5.220099 13.457229
6.352622 2.632028 87.746053 3.269297
43.563873 17.122184 36.355230 2.958714
11.603454 9.527562 53.997827 24.871157
0.341396 10.282097 13.990054 75.386453
4.853299 10.604326 6.243860 78.298515
22.922908 25.458085 24.707557 26.911450
11.662576 2.003612 0.474260 85.859551
1.783488 0.114763 67.027862 31.073887
14.710151 12.451323 47.014827 25.823700
3.295040 0.239004 2.608382 93.857575
50.234814 42.599440 4.551332 2.614414
35.219395 5.663201 50.838045 8.279359
25.054364 1.301421 30.193072 43.451143
20.234918 12.493132 22.142033 45.129918
76.645730 4.155075 1.162487 18.036708
49.806846 32.999026 6.786976 10.407152
8.260190 6.773228 54.285574 30.681008
12.641639 2.980786 4.163901 80.213674
40.396910 38.581941 0.847467 20.173683
20.415560 9.892371 32.471352 37.220716
29.967373 43.652428 4.731481 21.648719
19.253883 12.540300 62.964499 5.241317
0.047302 5.693230 70.748539 23.510930
9.924830 17.264110 66.155915 6.655145
7.473023 85.104876 0.345430 7.076672
0.203034 20.393908 70.960410 8.442648
23.159628 19.792122 41.178784 15.869466
13.615098 1.210794 3.693729 81.480379
9.248893 1.936140 59.159382 29.655585
39.456716 6.433967 37.209548 16.899770
23.350021 27.289342 44.951366 4.409271
44.628517 3.554106 44.927265 6.890112
3.060612 44.923640 18.768340 33.247408
83.886752 3.646437 9.972840 2.493971
58.958602 0.274773 30.573414 10.193211
9.734545 8.521627 67.237148 14.506679
3.141192 53.977250 7.519682 35.361875
7.720974 23.777179 24.279929 44.221917
71.949580 26.747280 0.679190 0.623950
41.845381 36.016493 19.226193 2.911934
26.861384 68.240395 3.097358 1.800863
28.386712 52.145530 15.791300 3.676457
53.741785 20.207615 23.262445 2.788154
17.333786 0.232668 5.423955 77.009591
15.404405 16.862816 34.816224 32.916556
22.277793 34.849805 42.334649 0.537753
21.753855 24.210072 52.377078 1.658995
32.193265 56.563716 4.508599 6.734420
72.679319 20.664594 1.750404 4.905683
6.273606 14.564432 28.717864 50.444098
10.169332 17.733741 49.829984 22.266942
19.481335 1.106451 5.099133 74.313080
60.613799 0.853531 3.694865 34.837805
45.595934 26.067630 3.827542 24.508894
53.744930 1.905572 41.496361 2.853137
