1000 4
2.092245 2.860909 43.524824 51.522021
4.834536 38.721481 9.996168 46.447815
21.532408 23.378630 31.807247 23.281714
3.173297 0.092183 8.006348 88.728171
38.433568 55.087353 3.993788 2.485292
16.498715 24.115318 2.129536 57.256431
25.541855 28.836025 42.093983 3.528137
32.388780 30.888298 25.605292 11.117630
4.652209 57.340039 21.326656 16.681096
12.304363 36.253637 39.063077 12.378923
1.158551 0.236145 43.878412 54.726892
46.340916 2.680966 27.613471 23.364647
10.910475 5.712957 65.002527 18.374041
2.691153 4.703482 90.604431 2.000934
8.801018 8.362591 11.138558 71.697832
50.476515 10.618490 28.721331 10.183665
31.064529 4.285060 26.756316 37.894094
5.059306 25.297456 29.908739 39.734500
1.363101 22.496269 18.884698 57.255931
6.753410 1.547625 3.674451 88.024514
3.720702 19.519143 0.096047 76.664108
15.721421 53.341966 17.640299 13.296314
77.506835 9.965317 10.187981 2.339867
42.072647 1.974718 47.788643 8.163993
24.477628 18.678597 55.894847 0.948929
28.002875 20.433052 24.254801 27.309273
6.329158 81.658757 8.365972 3.646113
1.728560 31.628171 1.553864 65.089405
11.250533 7.213166 57.127916 24.408386
23.363281 32.320791 25.350436 18.965491
26.804556 2.069006 14.543508 56.582930
49.167177 10.768124 8.551668 31.513031
25.353639 29.362997 4.215041 41.068323
3.101006 14.700441 33.913457 48.285096
15.410244 42.245324 29.123024 13.221408
2.416152 30.244757 16.553739 50.785352
55.833920 21.295509 18.835573 4.034998
18.172565 33.705849 43.521933 4.599652
13.004705 6.511882 9.220702 71.262711
0.544448 0.307019 22.013171 77.135362
8.393250 22.366355 3.083033 66.157362
4.313663 18.352434 20.481082 56.852821
9.300808 6.495573 7.115690 77.087929
8.617945 29.078518 48.782603 13.520934
14.581056 25.700325 31.405721 28.312899
52.407025 39.334667 1.573683 6.684625
62.607358 26.613505 2.697827 8.081310
1.214059 0.018889 34.232533 64.534519
38.209204 37.955840 8.645963 15.188992
11.628428 80.989145 2.727715 4.654712
1.820906 5.943002 56.863957 35.372134
29.668511 2.577346 45.246625 22.507518
6.062218 18.129804 74.459180 1.348798
0.841621 15.418641 77.422265 6.317473
49.917228 19.155315 21.150013 9.777445
95.127136 3.295057 0.890481 0.687326
2.592607 2.601643 63.294491 31.511259
24.061130 17.221258 51.841808 6.875804
95.187078 1.993012 2.561129 0.258781
37.773628 6.429381 8.521016 47.275975
14.253846 27.559563 18.578085 39.608505
54.259297 38.996113 1.780677 4.963913
34.316822 19.249266 20.550694 25.883218
30.191539 25.486430 19.373896 24.948135
2.422343 16.819577 54.113114 26.644966
15.753088 51.756907 28.625948 3.864057
4.269425 30.027276 41.466848 24.236451
41.072055 58.787560 0.083695 0.056690
29.008241 7.763511 42.671879 20.556368
29.836638 69.934473 0.102629 0.126260
26.472035 48.719468 5.554977 19.253519
45.360734 2.409889 42.327681 9.901697
4.564113 92.484747 0.864618 2.086522
17.260322 1.774073 7.281888 73.683717
2.606871 34.259488 49.311175 13.822466
5.639501 35.063036 57.782770 1.514694
16.742386 13.123027 26.729353 43.405233
22.872730 44.152020 27.751258 5.223991
11.449234 80.097139 1.987829 6.465798
2.383028 6.607725 12.548594 78.460653
63.328093 34.120560 2.340571 0.210776
15.034315 3.621650 19.609257 61.734778
43.310474 40.179013 1.329226 15.181288
1.019233 1.699966 1.781319 95.499482
51.718537 26.308136 6.003150 15.970177
54.768608 33.051455 7.310862 4.869075
51.923209 33.022010 2.383164 12.671616
3.848901 39.865812 24.227048 32.058239
43.784314 30.818183 19.138620 6.258884
44.783637 8.123251 2.443260 44.649852
5.701542 13.769267 40.747520 39.781671
57.884194 0.305448 40.758942 1.051416
45.747524 0.069914 6.662238 47.520324
64.087018 22.365815 13.093210 0.453956
35.944935 38.590421 6.111452 19.353192
34.694975 64.749588 0.461240 0.094197
5.407530 0.320795 31.773931 62.497745
2.835791 20.382691 63.825647 12.955871
59.415799 15.790964 23.317008 1.476229
5.597963 14.370298 79.545692 0.486047
75.736031 13.689306 2.088663 8.486000
50.976988 0.184241 9.087496 39.751275
28.293350 12.610608 29.920448 29.175593
0.569762 1.777112 79.175714 18.477413
1.036673 30.299733 10.293148 58.370447
29.465412 30.140289 28.678017 11.716282
5.293010 91.707021 2.851285 0.148685
7.621626 0.688564 12.860694 78.829116
51.512328 1.608190 44.195504 2.683978
15.988253 13.044005 3.636428 67.331314
22.853439 40.329031 3.770856 33.046674
15.952998 39.380112 44.647806 0.019084
6.457729 1.510654 33.737717 58.293900
29.717227 67.114951 1.571681 1.596140
43.142791 47.314071 6.571884 2.971254
9.224174 70.926587 0.593048 19.256191
26.683226 51.584544 17.212282 4.519948
58.620339 24.798954 1.138035 15.442671
20.233647 48.420792 23.754783 7.590778
50.359651 48.202927 0.903856 0.533566
67.493634 5.933900 19.270654 7.301812
2.955232 10.112794 13.543740 73.388234
9.024018 67.302774 21.807788 1.865420
17.862353 3.030619 7.274071 71.832958
12.461312 12.331925 7.496118 67.710645
4.023502 9.841057 21.739558 64.395883
10.453328 84.428718 1.923509 3.194446
24.440826 8.070543 41.092126 26.396506
8.768352 15.738011 39.522014 35.971622
6.392973 24.705388 63.268304 5.633335
38.809239 20.064017 7.397718 33.729025
25.569214 73.161216 0.578197 0.691373
2.820168 2.352719 18.941113 75.886000
8.380191 30.164687 33.316715 28.138408
0.404162 63.883078 26.734162 8.978598
0.355748 3.169140 21.976081 74.499031
5.591859 1.644080 68.657919 24.106143
47.190507 34.766950 0.116734 17.925809
6.546977 0.170147 3.695217 89.587659
7.118763 74.298517 8.564033 10.018688
22.052998 8.871408 40.713430 28.362165
4.210171 34.948128 51.455587 9.386114
10.458601 60.832637 11.393437 17.315325
23.670947 28.186104 22.883585 25.259364
7.387843 12.229455 22.542090 57.840613
8.068094 23.048578 68.391409 0.491919
15.369220 30.854115 28.005158 25.771507
5.600222 9.982529 67.282353 17.134896
45.471663 26.106449 6.753527 21.668361
5.456135 62.911430 22.379318 9.253117
55.057880 26.841592 9.681935 8.418593
4.610790 17.600581 77.183261 0.605368
13.171224 13.666753 25.456106 47.705917
7.411330 59.747702 25.595649 7.245319
14.684391 52.639441 20.144005 12.532164
6.782149 61.744113 8.267295 23.206443
4.717423 21.455250 1.383403 72.443923
12.856924 6.854981 48.255676 32.032419
15.472262 30.354332 8.684741 45.488665
1.601347 35.194820 40.728444 22.475389
63.548382 25.480214 10.314466 0.656938
20.112943 32.830567 9.564386 37.492104
32.838673 9.072396 54.890822 3.198109
6.707357 25.794856 10.349098 57.148690
6.784331 0.454660 25.161286 67.599724
46.149403 13.895764 33.853145 6.101687
16.311615 4.785831 21.214377 57.688177
27.381854 3.487618 49.935925 19.194603
1.059157 0.424043 46.262337 52.254463
11.989647 27.296830 16.231283 44.482239
50.384026 4.289884 23.883794 21.442296
41.554494 49.982723 2.309206 6.153577
11.958471 25.313784 30.172185 32.555560
23.234839 1.198279 11.890708 63.676173
4.145850 7.014769 17.262500 71.576881
48.392793 2.393059 37.655199 11.558949
30.721453 16.686000 26.836372 25.756176
33.921045 7.199594 58.620605 0.258755
44.842319 1.625164 36.827601 16.704916
30.797165 19.900183 28.121786 21.180866
17.457733 40.277183 3.811558 38.453526
42.460551 31.137887 21.140104 5.261458
11.587035 2.909257 6.265279 79.238429
13.551240 0.993882 0.824114 84.630764
12.805145 50.328496 24.643204 12.223155
31.903684 44.279672 21.758210 2.058435
0.783865 69.393448 2.554774 27.267913
18.757003 9.158277 28.959723 43.124996
38.630728 11.892664 21.309957 28.166651
3.901464 9.926473 34.285262 51.886801
11.627366 75.100134 5.774491 7.498008
10.387473 24.443302 30.304376 34.864849
4.198223 11.668350 48.697610 35.435817
4.801952 61.365229 5.204970 28.627850
51.427087 7.635384 35.301700 5.635828
2.176361 6.103311 38.194643 53.525685
34.732064 37.233633 21.946101 6.088202
38.709203 40.693855 6.974184 13.622759
9.522230 5.694298 77.711929 7.071542
3.405098 1.163522 58.362053 37.069326
19.843247 74.089673 0.155163 5.911917
0.152672 0.262379 18.584611 81.000337
4.900317 2.732363 85.150904 7.216417
6.226433 54.584749 2.713688 36.475130
72.403820 26.891202 0.393894 0.311083
3.983375 73.524484 18.552053 3.940089
0.518439 5.685974 9.569343 84.226244
33.371456 11.594516 39.907942 15.126086
7.867283 1.605662 17.076563 73.450492
43.257317 18.817331 6.636676 31.288676
59.173525 5.821745 11.639043 23.365687
11.388653 6.397534 62.236812 19.977001
45.280787 44.364283 6.329505 4.025425
4.528581 91.143894 2.330236 1.997289
74.899381 9.493453 7.615203 7.991962
3.502372 12.559520 69.369914 14.568194
11.843277 1.883948 1.255901 85.016873
10.106261 6.672816 79.525546 3.695378
23.307076 17.410719 50.628779 8.653425
13.217449 3.302220 48.436782 35.043548
20.354971 31.172481 32.346591 16.125958
47.745048 23.933775 26.470667 1.850509
3.158242 1.892571 54.389973 40.559214
33.310961 56.465339 2.607485 7.616216
4.185310 20.546890 53.650158 21.617642
15.467159 48.347044 23.298189 12.887608
6.606349 16.587718 45.311914 31.494019
3.115935 0.549338 70.312855 26.021872
1.367335 27.445189 63.112160 8.075315
6.316006 19.670505 11.799874 62.213615
27.845152 50.810202 1.541880 19.802766
51.380587 34.059032 12.650072 1.910308
35.459886 32.105043 12.214996 20.220075
48.813833 0.980167 43.415235 6.790765
5.659405 4.835910 68.488142 21.016542
0.805025 1.209197 48.910654 49.075125
27.282901 69.952123 1.506911 1.258066
23.263867 33.390694 25.701423 17.644016
3.878015 4.087316 23.778970 68.255699
38.695927 29.174186 27.884078 4.245809
0.976324 26.111905 53.179065 19.732706
4.460017 40.368622 33.546990 21.624372
19.387197 34.343691 29.058872 17.210240
20.693535 19.087342 55.407768 4.811355
59.594015 13.741963 22.491945 4.172077
36.346399 60.424743 0.055675 3.173183
11.475271 26.178466 26.502917 35.843346
3.022486 4.869601 22.479537 69.628377
2.425727 10.749113 86.430343 0.394816
52.230331 28.976371 13.322267 5.471031
8.171010 4.738319 41.614387 45.476283
42.041405 0.379323 1.460261 56.119011
22.214336 13.779194 53.870370 10.136100
11.039238 23.312396 26.874819 38.773547
1.529167 14.877584 39.933016 43.660233
4.858955 0.548924 80.888431 13.703690
18.945781 19.498386 55.185527 6.370306
20.689483 33.859301 43.324787 2.126429
1.167436 24.132409 61.037689 13.662466
58.313230 28.594330 9.623046 3.469395
54.582702 5.801220 20.434917 19.181160
88.674899 6.121695 1.869713 3.333692
64.666153 6.875337 18.435021 10.023489
12.134155 62.785734 3.102962 21.977149
6.977223 1.516078 70.681922 20.824777
77.904928 9.588586 10.108013 2.398473
58.026576 28.261457 8.623804 5.088162
18.426627 0.110315 29.977769 51.485289
46.667575 17.796673 33.525093 2.010660
5.280347 80.501079 1.604672 12.613902
90.477517 5.622217 1.299097 2.601169
90.217868 3.373245 2.319694 4.089193
6.972393 17.665200 62.363099 12.999308
44.049945 11.817238 34.327619 9.805197
7.035714 35.696303 44.635365 12.632618
17.852826 12.375758 54.363660 15.407757
13.602485 54.362235 19.571955 12.463324
2.240943 2.452804 22.844182 72.462071
27.888227 20.587373 3.209366 48.315033
6.176706 5.615646 63.535780 24.671868
78.010462 21.135020 0.428498 0.426020
4.232689 73.119525 8.679105 13.968680
57.353172 41.484073 0.633488 0.529267
0.145204 4.176217 11.557232 84.121347
24.457278 39.408807 30.638896 5.495019
6.818937 1.741505 84.703052 6.736506
62.974452 1.541677 20.757312 14.726559
7.798001 18.347206 56.278583 17.576210
17.155896 65.805620 16.453496 0.584988
31.615819 31.047836 28.683364 8.652980
28.667735 5.824285 17.305126 48.202854
11.963014 4.895410 19.075850 64.065726
1.747737 0.644914 37.601781 60.005568
23.036759 23.412412 47.878203 5.672626
31.020794 51.110619 1.542172 16.326415
13.797062 1.279082 56.243556 28.680300
1.036513 4.911545 69.978526 24.073417
11.016468 18.195849 65.825394 4.962288
27.379792 8.772434 7.427830 56.419943
3.583454 0.814263 60.943647 34.658636
18.738611 68.751852 0.487142 12.022395
3.724419 50.683980 42.945182 2.646419
75.556017 2.839930 11.386517 10.217536
8.546144 28.304956 2.044770 61.104130
14.698421 14.938104 32.322490 38.040985
3.910910 73.380268 13.029141 9.679682
33.206892 6.970725 1.352836 58.469546
44.442484 48.864806 1.404842 5.287867
4.237304 81.574641 7.360538 6.827517
3.863469 9.021446 9.996421 77.118664
7.277942 11.899889 8.746465 72.075704
46.795521 43.337845 3.642287 6.224347
2.448108 9.979029 61.672762 25.900101
25.328955 3.398118 42.373971 28.898957
40.638388 48.069763 7.608997 3.682851
91.359939 0.195590 3.430929 5.013543
2.434539 45.766395 18.737581 33.061485
44.752922 21.893399 16.541967 16.811712
18.435718 2.792957 67.838008 10.933317
28.482549 8.539454 8.110817 54.867179
16.499177 70.853953 0.469718 12.177153
4.789377 23.284599 13.051916 58.874107
95.330099 2.686198 1.354635 0.629068
9.952080 33.057655 9.517219 47.473045
26.725655 16.955487 55.791196 0.527662
6.380453 0.809708 58.073065 34.736774
0.909650 25.894757 26.508747 46.686846
11.535579 77.068809 4.860185 6.535427
29.411185 22.882281 4.945802 42.760732
1.573870 4.700736 51.443563 42.281832
6.518217 32.844557 52.270855 8.366372
3.221404 41.018227 23.722023 32.038345
1.854007 4.075739 84.452792 9.617461
9.318491 8.373089 44.760086 37.548334
20.541046 70.230156 5.283175 3.945623
24.574880 28.429668 16.936836 30.058617
36.774517 35.951091 24.071418 3.202974
4.806625 2.020366 27.158282 66.014728
16.419561 15.948370 42.275461 25.356608
1.983061 21.827480 18.617786 57.571673
13.667529 78.614340 7.359395 0.358736
66.022167 14.375794 8.969786 10.632253
44.436603 35.769091 15.893679 3.900627
1.332776 44.588425 51.964631 2.114168
82.118706 14.832495 0.172598 2.876201
52.128114 22.337049 9.321030 16.213807
49.150186 1.708910 25.310557 23.830347
19.764798 64.310644 9.201806 6.722752
21.207615 33.979005 37.637385 7.175994
25.950963 20.617230 1.871997 51.559810
45.073203 41.452876 10.834815 2.639107
18.592340 45.099789 27.770252 8.537618
18.693593 65.134649 8.234681 7.937077
2.918135 3.408352 64.794158 28.879355
18.947529 22.286029 50.317432 8.449010
4.284291 1.187678 62.188811 32.339220
1.020070 25.195330 44.941345 28.843255
7.129564 61.762920 10.036582 21.070935
14.396591 35.681232 48.974529 0.947648
16.134570 2.677039 1.204186 79.984205
37.477122 5.529562 53.853788 3.139529
55.985940 9.644115 13.421974 20.947971
49.341979 3.976909 24.817193 21.863919
3.466142 9.867395 0.531631 86.134832
12.372864 0.164140 32.118968 55.344028
54.285323 42.119597 1.036601 2.558479
54.270808 42.988630 2.008062 0.732500
20.145134 17.865669 29.964503 32.024693
4.313025 83.357497 7.839737 4.489741
5.678189 52.157438 26.686817 15.477556
2.021415 81.715271 14.398594 1.864720
4.293140 2.875658 6.564223 86.266979
4.075053 1.827226 7.790982 86.306738
1.624538 30.288668 67.386540 0.700255
8.276404 81.850858 9.059526 0.813212
11.268436 11.516683 71.194067 6.020814
7.525987 92.232917 0.070599 0.170497
42.764845 26.564053 3.778779 26.892323
14.645135 17.103270 51.177761 17.073834
19.826847 32.637523 23.186803 24.348827
2.292910 1.839296 49.883904 45.983890
4.994520 46.926620 17.623682 30.455178
74.391087 14.109539 5.092896 6.406478
45.456870 26.981864 3.739658 23.821607
7.703800 0.005176 5.652885 86.638139
68.005394 0.581905 6.404867 25.007835
63.387951 4.250221 19.364554 12.997273
6.722449 28.263970 62.956051 2.057530
40.990281 4.100817 16.415528 38.493374
15.096668 73.953291 7.219602 3.730439
17.428847 7.141605 73.896418 1.533130
64.722919 4.920319 20.701371 9.655390
68.494430 8.201636 14.970788 8.333146
3.952248 65.898516 17.678988 12.470247
9.761729 3.776282 71.094253 15.367737
11.590694 65.981254 18.165853 4.262199
32.475283 20.709323 3.558981 43.256412
25.815742 51.133628 10.411369 12.639261
84.976690 5.049861 8.004144 1.969305
2.364740 26.112081 13.950152 57.573027
8.740824 2.612061 47.812142 40.834973
6.733436 52.560976 28.748702 11.956886
31.322193 5.507545 8.417047 54.753216
9.548322 9.879762 2.694993 77.876924
27.208733 71.131060 1.420602 0.239604
1.721640 56.019380 14.312881 27.946099
5.062646 30.573817 48.578589 15.784948
0.686962 4.287555 31.859797 63.165686
9.035557 61.981015 12.409970 16.573458
22.651527 61.054641 11.466896 4.826937
53.462676 2.502167 4.000753 40.034405
19.701973 38.228262 6.084433 35.985332
9.394860 58.084617 13.737879 18.782644
49.937743 1.977293 10.568801 37.516162
74.259869 9.122803 5.612475 11.004853
22.376555 47.800758 10.830713 18.991974
11.134958 86.316746 1.666693 0.881603
1.490068 0.151828 2.893680 95.464424
41.604924 17.237814 31.066090 10.091172
30.061594 22.851398 24.534333 22.552675
25.505425 23.019005 46.322829 5.152741
12.874426 77.905932 1.997162 7.222479
1.367934 49.683429 45.338027 3.610610
43.758369 1.906476 18.401355 35.933799
17.921559 37.176558 38.268074 6.633809
25.787267 71.347045 1.932527 0.933161
30.075174 3.598950 30.653983 35.671893
74.370463 19.104679 2.763710 3.761147
25.898452 0.970044 31.743809 41.387695
0.376616 10.976269 19.162191 69.484923
46.953722 42.407526 1.147090 9.491662
0.901291 0.719242 93.005181 5.374287
18.211114 65.586609 11.250661 4.951616
9.045272 46.760874 1.141026 43.052828
1.428702 10.903828 63.986792 23.680678
13.930092 13.335144 46.064388 26.670375
86.196139 8.164040 0.013081 5.626740
11.461732 2.347893 3.322197 82.868177
0.319700 31.233386 10.137421 58.309492
16.735496 0.635639 77.651009 4.977855
9.824415 54.200366 27.317100 8.658119
2.990116 0.608016 33.515735 62.886133
3.068653 23.143694 20.809708 52.977944
16.565343 35.737278 34.020064 13.677315
8.530793 62.253837 10.129576 19.085793
69.931740 11.461125 4.283383 14.323752
49.439889 6.079383 25.811229 18.669498
3.059392 1.374947 21.538511 74.027149
6.677105 87.954689 2.842117 2.526089
7.020649 0.895852 81.564729 10.518770
54.225696 20.367645 5.137624 20.269035
21.461983 49.774322 25.738710 3.024985
22.654131 15.207132 2.029128 60.109609
6.789623 56.038833 17.902284 19.269260
7.206441 51.184623 38.285757 3.323178
31.176346 60.888842 4.381376 3.553436
64.161216 18.910167 8.661405 8.267212
17.143187 24.157512 35.131443 23.567858
2.409606 3.086778 19.926313 74.577304
4.369917 3.809044 54.164521 37.656518
19.970280 65.747058 9.034600 5.248062
15.133613 2.130708 55.468532 27.267147
26.209590 17.462397 28.489766 27.838247
12.341017 62.948146 20.770467 3.940371
40.784176 7.352669 25.074499 26.788656
1.420238 6.178871 47.341110 45.059781
5.484225 3.561461 6.145599 84.808715
60.548413 27.433398 6.337177 5.681012
0.980532 70.896661 0.963833 27.158974
12.022877 9.657472 41.467563 36.852088
3.284797 17.537982 36.634597 42.542624
19.242732 6.234120 9.734156 64.788993
7.446293 27.756807 55.993048 8.803851
30.620985 0.031806 48.691404 20.655805
6.337152 16.994248 7.548232 69.120368
61.193598 16.842231 11.302160 10.662011
82.361145 10.375450 6.355452 0.907953
21.390796 19.421607 55.611089 3.576508
3.755764 13.633683 65.532277 17.078277
53.610101 9.767688 5.735807 30.886404
12.180159 31.769546 11.808075 44.242220
0.752786 4.694768 84.784691 9.767755
32.227019 20.527276 40.092595 7.153110
5.851085 86.723761 6.124216 1.300937
16.431926 51.133002 3.224997 29.210075
11.147728 48.421351 34.267634 6.163288
0.140465 3.463771 57.060220 39.335544
23.295763 71.363497 2.915101 2.425638
51.090928 17.505525 26.351876 5.051671
11.473123 0.331437 62.544556 25.650885
0.987022 97.917364 0.941305 0.154310
58.410369 1.048843 8.435532 32.105256
0.365069 34.612194 41.864823 23.157913
9.153533 68.812104 17.834204 4.200160
18.346630 11.152561 27.131419 43.369390
7.172946 0.777126 59.187595 32.862333
1.100418 49.541997 28.156132 21.201453
59.963281 30.572929 4.662722 4.801067
2.978971 0.921294 54.767493 41.332242
16.607583 32.890387 26.695933 23.806096
24.536230 37.379722 9.300472 28.783576
23.173855 45.364614 4.965943 26.495589
15.111102 59.402891 15.156890 10.329117
2.833193 32.586589 61.962873 2.617345
11.688112 32.414186 33.635517 22.262185
0.538864 81.586445 14.668735 3.205956
2.511868 3.765790 32.481183 61.241160
34.100756 34.111165 0.825576 30.962503
15.479522 49.665288 12.904090 21.951100
69.705641 26.561945 2.970371 0.762043
3.828064 5.763904 11.822822 78.585210
51.024766 24.761849 5.992198 18.221188
4.584032 88.653067 3.396414 3.366487
11.205681 16.697392 42.696642 29.400285
5.859390 3.454860 57.413736 33.272014
8.194804 1.961756 18.175975 71.667465
44.437754 0.793729 15.529475 39.239043
0.524879 0.466973 60.794212 38.213936
69.636928 2.185333 2.916925 25.260814
50.919625 28.965626 4.008585 16.106164
15.020715 7.761352 25.825719 51.392214
31.481096 2.232702 50.571880 15.714323
56.788605 5.124295 8.721198 29.365901
2.876655 72.833664 8.102985 16.186697
9.742951 23.278076 14.842199 52.136774
1.636274 40.714262 30.789075 26.860389
10.346787 41.162354 32.228582 16.262278
54.103667 44.605400 0.995886 0.295047
0.372598 40.323834 53.398006 5.905562
57.074237 39.013290 2.738743 1.173730
35.681389 16.270270 33.236601 14.811740
2.339398 48.025298 30.115649 19.519655
13.945369 34.691980 36.269083 15.093569
2.488889 4.695168 16.372452 76.443490
84.423119 7.394869 7.950288 0.231724
26.769530 67.184753 0.810167 5.235550
9.814674 43.571354 5.243663 41.370309
56.122202 34.780230 1.481787 7.615781
1.699867 10.440397 75.914331 11.945406
23.400212 23.137463 47.102385 6.359940
27.068199 45.883246 26.420363 0.628191
20.473698 58.993449 3.147573 17.385280
0.109348 0.745171 27.570837 71.574644
9.295554 1.773509 21.766598 67.164339
56.820073 36.621499 3.211662 3.346766
23.304488 1.272068 68.536426 6.887019
27.188543 11.206793 32.418263 29.186401
6.017219 1.835193 6.909593 85.237995
23.507148 8.067302 37.605130 30.820420
22.948431 49.774125 26.919483 0.357961
20.401866 55.894407 3.508502 20.195225
3.712124 11.101561 4.123218 81.063097
50.225889 9.639220 31.249779 8.885113
39.605221 8.128780 48.224066 4.041934
2.598881 18.080461 13.778899 65.541759
66.887962 9.060401 4.283007 19.768630
44.926977 46.424078 7.790835 0.858111
23.816543 1.135390 48.926566 26.121500
4.390513 38.097356 45.785743 11.726388
57.604138 29.675747 3.826865 8.893250
69.690862 1.130391 20.415416 8.763330
16.266956 15.090812 18.788787 49.853445
11.229318 75.144168 12.524483 1.102031
13.748145 6.012590 71.208154 9.031111
21.941365 47.375325 8.445472 22.237838
43.533652 12.522747 32.695853 11.247749
0.013807 0.044179 55.197322 44.744693
44.111173 44.340623 0.211108 11.337096
21.472139 7.383112 58.204208 12.940541
0.691835 4.798445 56.220694 38.289027
44.060924 12.065667 22.799659 21.073751
3.088544 24.256041 63.169656 9.485759
48.598272 5.611756 28.394618 17.395354
83.773518 3.982456 3.335747 8.908279
21.760413 66.267175 5.408722 6.563689
62.966019 16.299706 11.436851 9.297424
8.046811 90.595115 0.733477 0.624597
35.061633 25.322290 7.469348 32.146729
5.267965 6.963853 46.491663 41.276518
27.481601 32.667329 25.771177 14.079892
34.946951 5.496178 38.316550 21.240321
19.732906 6.265812 5.779268 68.222014
25.766134 32.649345 39.496855 2.087666
4.314523 2.817652 26.505322 66.362502
49.859982 47.341471 0.654478 2.144070
7.328341 2.849582 68.034734 21.787343
20.440530 59.029669 11.862888 8.666913
67.796442 2.017701 3.304443 26.881415
30.733466 43.856823 25.346898 0.062813
1.244838 4.672701 82.471100 11.611361
15.961030 47.386240 27.908738 8.743992
31.183472 22.825134 44.263576 1.727818
2.619232 94.029836 1.594216 1.756716
9.631591 9.451632 61.454967 19.461809
9.311431 9.155320 62.729369 18.803881
34.041922 43.441522 14.695855 7.820702
7.520474 6.841536 50.355148 35.282841
85.003057 14.209566 0.729082 0.058296
13.423445 41.256568 37.461221 7.858765
29.620834 17.301374 33.574736 19.503055
24.770799 14.659115 25.522360 35.047726
32.268548 57.764107 3.874753 6.092592
8.999202 22.572196 14.620461 53.808141
14.523178 1.065677 79.119831 5.291314
0.093538 0.019381 0.704182 99.182900
56.853814 27.239939 5.090271 10.815976
72.778118 23.306357 1.564680 2.350844
23.806406 7.218711 15.673909 53.300974
33.256312 32.782690 10.242090 23.718907
10.034584 5.828938 15.200902 68.935577
2.909205 78.288341 12.718784 6.083670
21.712175 10.439074 18.828354 49.020396
3.187747 35.613486 5.632969 55.565798
8.026823 69.673302 20.205795 2.094080
13.622768 74.056910 3.257646 9.062677
0.005037 5.152591 71.947290 22.895082
45.146084 10.125988 1.954723 42.773205
18.253614 74.751544 1.696677 5.298166
12.200922 8.484524 28.322996 50.991559
2.946881 54.632391 27.654322 14.766406
0.131736 0.350457 60.627292 38.890516
5.678201 25.346915 57.100518 11.874365
2.267499 0.857596 7.175371 89.699533
8.371110 11.502543 11.502864 68.623483
9.661236 67.288134 0.403792 22.646838
14.767449 82.849055 0.260194 2.123302
33.024982 4.647066 49.309595 13.018357
24.262822 9.692072 22.498107 43.546999
9.612175 17.692735 4.519178 68.175912
73.083558 13.247202 9.480905 4.188335
7.240423 32.006381 49.561867 11.191330
14.198940 23.790500 40.513994 21.496565
24.273951 32.878061 38.841327 4.006660
16.310271 7.970255 16.887659 58.831815
2.447892 7.488935 79.024821 11.038353
5.762382 1.085972 17.412453 75.739194
32.283746 22.686193 28.173506 16.856555
30.519042 66.551181 1.081175 1.848602
63.728407 14.398977 8.764533 13.108083
44.387868 13.255493 41.821477 0.535162
45.569399 10.392392 30.988158 13.050051
84.482533 2.708848 0.512470 12.296149
30.901092 42.877404 0.803442 25.418061
39.758820 39.848712 9.866079 10.526389
25.518432 21.220666 10.861213 42.399690
6.431792 3.880413 35.454146 54.233649
14.281149 47.445589 14.497749 23.775514
50.927477 46.905708 2.107564 0.059251
45.703065 11.986073 35.242480 7.068381
31.942387 51.837025 12.322736 3.897852
0.280572 4.565767 43.628913 51.524748
4.342999 25.794029 33.941119 35.921853
27.904491 12.007616 36.925255 23.162639
3.273249 8.400081 2.814205 85.512465
59.975540 19.015518 16.359238 4.649704
4.346533 42.120950 47.539986 5.992531
12.706131 60.904513 10.425434 15.963921
12.328960 8.600634 53.846158 25.224249
11.191037 0.338856 49.914453 38.555654
21.644211 68.586814 5.332733 4.436242
3.126559 1.667898 85.373224 9.832318
1.198238 31.520656 62.211461 5.069645
29.737996 35.721155 2.499355 32.041494
14.083097 56.823608 12.026389 17.066906
35.953944 21.243846 23.062014 19.740196
3.463314 0.165336 17.581955 78.789394
38.005513 2.800786 28.035128 31.158573
0.535750 86.802121 11.102501 1.559629
0.003465 16.214071 62.434773 21.347691
16.576008 4.323067 31.539463 47.561462
11.305969 4.072308 22.449923 62.171800
54.184530 36.836925 1.828481 7.150065
27.407622 4.456753 65.203674 2.931951
84.949160 1.201540 4.540636 9.308663
12.669713 83.921370 2.344847 1.064071
14.093899 34.775390 47.970834 3.159877
30.320568 7.159214 4.293054 58.227165
45.089748 26.875949 10.558529 17.475773
4.075134 2.229990 10.405458 83.289418
0.391625 14.324400 7.540137 77.743838
12.075912 19.107901 34.923685 33.892502
79.626492 6.078638 1.381193 12.913677
17.790971 52.810549 25.294697 4.103783
38.256543 30.748859 13.883106 17.111493
12.142475 4.725105 55.983153 27.149267
23.443631 1.450317 69.180909 5.925142
26.965345 9.257074 28.775529 35.002052
10.001152 26.010689 57.319267 6.668891
49.988339 1.658134 46.402681 1.950846
28.139247 30.495965 9.898413 31.466375
14.212454 71.520143 9.982436 4.284967
0.572596 37.407689 1.184861 60.834854
65.748217 30.873384 0.242706 3.135693
14.469721 4.845444 32.518202 48.166633
44.632457 28.502099 18.271322 8.594122
34.350416 61.206089 4.006699 0.436796
11.445363 6.414069 71.047944 11.092624
24.474232 14.610823 46.170952 14.743993
13.425968 38.464654 47.921445 0.187933
29.501406 4.374140 27.891052 38.233403
10.334065 24.081658 27.296926 38.287351
1.035377 14.385626 24.916564 59.662433
16.943303 0.250825 27.740106 55.065766
3.017234 0.675505 87.093012 9.214248
23.750923 36.568911 21.961114 17.719052
24.552488 15.606818 0.704932 59.135761
13.084335 21.288663 50.840048 14.786955
52.513718 24.417341 10.830793 12.238148
31.045476 6.318335 34.893673 27.742516
34.340989 42.055996 13.857686 9.745329
40.198404 35.112122 20.011833 4.677641
4.252261 21.752561 68.304457 5.690721
2.562574 3.055884 24.036804 70.344738
0.438756 17.158216 36.874770 45.528257
14.546606 20.174303 37.356128 27.922964
40.199361 6.130788 28.501513 25.168338
6.544266 1.936827 20.771694 70.747212
8.499331 4.834206 72.285972 14.380491
11.029260 37.208296 10.287089 41.475355
13.744900 17.609816 35.896998 32.748285
17.196454 61.999078 7.153024 13.651444
1.622461 94.339940 3.855108 0.182491
41.873269 42.199121 13.377112 2.550498
19.109806 40.395184 27.024274 13.470736
0.567481 5.112013 32.921647 61.398858
31.252935 61.422623 5.998232 1.326210
11.002087 19.211237 17.724073 52.062602
2.170635 0.264742 74.497722 23.066901
15.809742 4.750578 56.626258 22.813422
36.541058 20.745237 36.168538 6.545168
39.390152 9.631729 23.960509 27.017609
2.254564 11.671032 33.820855 52.253549
1.681903 11.572286 40.811592 45.934220
0.746964 5.350635 79.665299 14.237102
4.042506 17.003059 38.100148 40.854288
6.972814 1.847035 70.540996 20.639155
0.817939 10.211450 23.693275 65.277335
28.016675 64.246883 3.601541 4.134901
1.562595 48.438931 22.456360 27.542114
55.170362 36.232573 0.540481 8.056583
25.281459 0.576874 23.817108 50.324559
1.373040 1.602515 65.012626 32.011819
9.312188 41.424834 17.627748 31.635230
15.165652 27.343580 54.618598 2.872170
10.608898 3.362476 46.712281 39.316345
5.363323 8.550065 35.520218 50.566393
42.538806 49.569108 5.010260 2.881827
23.653378 1.222259 66.444263 8.680100
31.363104 13.633386 27.375019 27.628491
74.125879 11.148940 0.230088 14.495093
15.179012 1.395591 55.047472 28.377925
13.112137 2.852096 65.716499 18.319269
14.656514 12.868130 33.445230 39.030126
31.210633 2.548942 26.781614 39.458811
5.591828 2.886214 60.255843 31.266115
19.974917 7.754201 40.018399 32.252483
86.215088 1.794189 3.249904 8.740818
12.054657 52.922302 26.925426 8.097615
19.133204 13.637571 63.209874 4.019350
13.836146 8.839106 23.232586 54.092162
11.285255 38.557575 9.605281 40.551889
0.228887 0.256357 74.869160 24.645596
12.878981 3.283622 79.794821 4.042576
75.884720 9.683077 7.467818 6.964385
5.016941 4.526197 47.129110 43.327752
82.054198 1.969362 12.111416 3.865024
12.697283 79.840942 0.836196 6.625579
39.261338 20.930318 6.057448 33.750896
26.510840 30.317676 6.475657 36.695827
0.059560 1.066573 46.387767 52.486100
50.949431 33.507492 13.995268 1.547809
2.675601 7.844129 76.924031 12.556239
0.765031 34.792085 51.203055 13.239830
6.044185 90.659816 0.576878 2.719121
1.779612 40.940198 9.443269 47.836922
12.743326 2.927928 25.203144 59.125602
88.998354 3.359811 0.933569 6.708265
6.391493 18.334604 75.165933 0.107971
14.828045 0.946973 10.124888 74.100094
55.266250 2.773852 34.134436 7.825463
7.291287 2.499050 44.128870 46.080792
2.485102 12.121057 52.689983 32.703858
47.218022 23.682579 0.118113 28.981285
6.326186 7.617721 29.404096 56.651997
30.697542 40.328185 14.708641 14.265631
40.558412 47.957473 6.558146 4.925969
38.960616 0.051195 52.452411 8.535778
0.348403 5.856010 84.211932 9.583655
41.931199 10.826148 7.642851 39.599802
9.959770 4.072641 64.931543 21.036046
1.466121 3.529759 39.550499 55.453621
3.182865 24.845334 33.843242 38.128559
12.442785 80.940802 4.574971 2.041442
3.750704 22.827866 13.536145 59.885285
1.942018 13.454570 44.758450 39.844962
32.612344 64.897345 1.690784 0.799526
31.510266 1.706080 64.258402 2.525252
3.998592 1.900636 59.090472 35.010300
19.270412 6.117936 11.849697 62.761955
16.699490 35.508524 1.756082 46.035903
3.108953 70.550522 14.229366 12.111159
15.611306 25.433038 12.315789 46.639867
15.533083 41.329004 15.054233 28.083681
5.131508 38.015561 8.952944 47.899987
7.355200 44.822295 9.161103 38.661401
46.655616 21.541046 17.740453 14.062886
63.598583 25.921361 1.830740 8.649317
19.557295 18.001835 47.175090 15.265780
51.359773 28.641448 0.465074 19.533706
6.651966 9.074222 52.099204 32.174608
3.917727 52.959619 5.674761 37.447893
27.053289 62.787100 7.923486 2.236125
22.431747 16.931026 59.810027 0.827199
4.261717 36.605619 41.129568 18.003096
34.189644 34.806603 28.909839 2.093915
12.943913 77.067379 5.263376 4.725332
29.723742 57.485951 12.261395 0.528912
37.388090 54.939557 6.478897 1.193456
17.603232 16.244847 11.967790 54.184131
22.264429 26.842905 3.831666 47.061000
26.569841 35.639089 4.781694 33.009376
29.724858 53.550999 3.133831 13.590312
66.823045 32.392629 0.698825 0.085501
24.085035 6.787489 61.302719 7.824757
21.636123 20.335983 51.310776 6.717118
1.730896 7.342257 23.537142 67.389706
29.140321 57.797757 4.188808 8.873114
6.665787 82.411638 10.018221 0.904353
12.014589 35.325723 51.049379 1.610309
28.807316 65.275145 5.731165 0.186373
6.299360 35.156983 5.231356 53.312301
9.802031 10.105193 6.443207 73.649569
7.267910 33.336967 3.199328 56.195795
0.653826 1.277996 27.196434 70.871745
56.316610 8.135430 1.654428 33.893532
85.467021 3.305220 4.605276 6.622483
13.405486 1.154895 43.417313 42.022306
73.926747 19.774232 1.137080 5.161940
54.548764 2.966419 36.611340 5.873477
10.163245 30.697988 45.070141 14.068627
5.273003 13.993332 45.088841 35.644823
12.919302 55.326189 2.877259 28.877250
32.198400 12.489853 44.445884 10.865862
38.900361 16.017697 18.101844 26.980098
5.452800 17.881652 42.578193 34.087355
18.489228 50.717596 6.614044 24.179132
55.849441 40.930856 2.180106 1.039596
23.828105 25.682073 16.103675 34.386147
33.418014 23.297584 24.760364 18.524038
7.699624 85.226186 0.142058 6.932132
25.908986 3.379627 27.464944 43.246443
0.392043 0.840904 61.056106 37.710947
5.222550 26.544166 3.529631 64.703653
49.494102 32.264985 6.936301 11.304612
5.810339 90.054403 0.431106 3.704152
64.824330 19.388445 12.953262 2.833963
27.355799 62.182456 7.561434 2.900311
25.845377 11.255975 31.325512 31.573136
30.643281 18.473208 24.265442 26.618069
86.563075 3.667950 4.183722 5.585253
48.053991 20.045011 15.937356 15.963642
35.524325 0.994124 12.470801 51.010750
51.419821 39.296449 8.369155 0.914575
25.319727 13.631047 36.178285 24.870941
6.407663 33.455614 35.433812 24.702911
45.645448 43.685281 7.182311 3.486960
73.848932 8.752466 4.802709 12.595894
31.221640 6.282557 14.237836 48.257968
5.160260 9.516091 44.491100 40.832549
13.134310 1.947938 26.444311 58.473441
27.627402 13.584793 13.611959 45.175845
54.172505 44.722725 0.460695 0.644076
13.586633 42.048609 14.257054 30.107703
31.609914 47.619188 13.317539 7.453359
36.617133 49.982189 4.044292 9.356386
13.018602 65.526885 9.710087 11.744425
0.907540 3.548163 51.946216 43.598082
20.098403 50.298643 1.322633 28.280321
16.352846 51.932319 0.046459 31.668376
32.153630 6.263070 21.872813 39.710488
26.237884 37.075816 14.184354 22.501946
18.313182 35.350566 13.896492 32.439761
16.281488 23.484129 16.926731 43.307651
33.052961 64.960285 0.426552 1.560203
21.000156 8.965968 42.381107 27.652769
81.182224 2.984773 8.792784 7.040219
3.331829 0.183903 31.583308 64.900960
1.929167 79.741416 3.624824 14.704592
11.325230 21.790405 29.507748 37.376617
4.100775 11.326331 70.224900 14.347994
83.482522 14.912205 0.287281 1.317993
2.596390 18.952729 44.280802 34.170079
63.169430 1.633573 10.231373 24.965624
71.171031 15.638870 8.373280 4.816820
21.044820 30.217120 6.055258 42.682802
1.390206 24.230083 40.076107 34.303604
10.088108 46.679372 14.077914 29.154607
0.314316 24.091336 60.591753 15.002595
31.051295 33.742552 12.382913 22.823240
3.916349 66.169408 11.272047 18.642196
81.126243 16.496365 1.877492 0.499900
18.128262 21.716704 7.523280 52.631754
59.916980 3.329579 30.177147 6.576294
19.184268 6.408554 35.333588 39.073590
31.885244 5.832582 11.623142 50.659032
26.017764 35.226781 34.933962 3.821493
24.544230 43.594446 26.236221 5.625103
72.519041 4.091573 20.196517 3.192868
27.802797 50.800676 1.709528 19.686999
66.062338 14.775089 18.422199 0.740373
24.853077 0.825197 14.881583 59.440143
15.724761 27.599315 52.670020 4.005903
90.107818 3.779325 4.416883 1.695974
30.016414 23.509999 13.574593 32.898993
3.926838 53.902686 29.039419 13.131058
31.409274 34.077344 24.481782 10.031601
10.714896 67.742088 5.078227 16.464789
30.044971 0.763465 58.141439 11.050125
57.923380 0.946824 14.920801 26.208995
15.189510 42.316518 25.557076 16.936896
26.949865 45.934439 15.044507 12.071189
2.371729 62.068104 20.998373 14.561795
4.876075 4.477848 57.983391 32.662686
91.618245 2.625964 4.801791 0.953999
8.274174 51.615349 34.576267 5.534210
1.347195 62.814919 18.379945 17.457940
7.225032 22.100204 57.811081 12.863683
27.541060 9.285625 34.169154 29.004161
26.025597 53.740631 14.646591 5.587181
21.560038 22.395771 26.543467 29.500723
18.377316 24.269250 35.503924 21.849511
14.017102 43.858199 32.847932 9.276767
9.998279 51.606385 25.058268 13.337068
4.015276 37.087052 41.363360 17.534311
0.494790 73.875766 17.898452 7.730992
73.057565 2.475746 8.480123 15.986566
4.743218 12.502791 25.679573 57.074417
7.260303 35.236722 52.282133 5.220843
19.762986 33.186627 28.073431 18.976956
33.674544 21.960699 31.982919 12.381839
91.336120 3.436059 0.386738 4.841083
1.412274 1.148229 63.054509 34.384988
15.836703 23.410101 6.033232 54.719965
90.785438 0.675483 8.464808 0.074271
10.563351 27.886919 11.144583 50.405147
56.913133 30.201952 0.141562 12.743352
26.524392 27.636807 21.649870 24.188931
20.232087 0.102395 8.190958 71.474559
50.893236 1.125563 8.333415 39.647785
5.783330 21.832870 19.474947 52.908854
26.060817 0.676449 39.874496 33.388238
86.159817 0.433402 3.626341 9.780441
0.484744 11.649415 75.595139 12.270702
13.679537 6.459628 41.484154 38.376681
28.155073 6.553628 6.713046 58.578253
2.121894 8.016355 81.099634 8.762117
19.633767 9.285573 36.543620 34.537040
41.727184 11.692415 44.999621 1.580780
47.037415 12.217323 23.396164 17.349098
38.885344 31.215672 26.217158 3.681826
0.263983 0.169380 52.352476 47.214161
0.047341 0.343296 90.346699 9.262665
5.358221 20.548941 33.687402 40.405436
17.713098 45.148928 19.145319 17.992655
32.189704 25.783256 9.708019 32.319020
22.275925 35.324709 1.278438 41.120927
12.396608 41.071821 21.532585 24.998986
4.168845 39.725928 5.571655 50.533573
31.291467 17.788400 6.601420 44.318713
4.838490 61.972631 3.604823 29.584057
79.389217 3.416655 15.149220 2.044909
12.476167 0.286674 23.356780 63.880380
39.664814 15.421096 9.748497 35.165593
0.671514 2.542085 66.846920 29.939481
2.547616 4.856174 5.174220 87.421990
22.316059 28.347719 7.269365 42.066857
28.414411 61.734214 6.351817 3.499558
4.001691 60.654823 31.007391 4.336095
74.521067 3.041725 11.765377 10.671831
28.935784 40.924136 16.640650 13.499430
10.918898 67.644901 9.228812 12.207389
12.481524 33.668566 42.102751 11.747159
0.056510 0.007579 73.633616 26.302295
42.306681 42.128879 1.559437 14.005003
52.135415 5.160035 18.604311 24.100239
13.466523 20.705052 50.323076 15.505349
2.873591 2.418319 79.897938 14.810152
49.869287 11.823880 22.609764 15.697069
0.283544 0.299359 32.685946 66.731151
1.694246 3.344360 3.431327 91.530067
3.273056 0.251831 49.758275 46.716837
5.093415 58.510211 17.510069 18.886305
12.601758 0.872164 65.300558 21.225520
37.907763 23.849492 27.743409 10.499336
2.240216 0.192110 26.009511 71.558164
13.038096 24.615641 51.072677 11.273586
57.075926 34.122536 3.757851 5.043687
88.179113 5.534074 0.012279 6.274534
1.227393 6.316782 22.646274 69.809551
53.756754 12.743078 15.289621 18.210547
