10000 3
25.000000 49.000000 26.000000
25.015873 48.999995 25.984132
25.031747 48.999979 25.968274
25.047620 48.999953 25.952427
25.063493 48.999916 25.936591
25.079366 48.999869 25.920765
25.095240 48.999811 25.904949
25.111113 48.999743 25.889144
25.126986 48.999664 25.873350
25.142859 48.999575 25.857566
25.158732 48.999475 25.841793
25.174605 48.999365 25.826030
25.190478 48.999244 25.810278
25.206350 48.999113 25.794537
25.222223 48.998971 25.778806
25.238096 48.998819 25.763085
25.253968 48.998656 25.747376
25.269841 48.998483 25.731676
25.285713 48.998299 25.715988
25.301585 48.998105 25.700310
25.317457 48.997900 25.684643
25.333329 48.997685 25.668986
25.349201 48.997459 25.653340
25.365072 48.997223 25.637705
25.380943 48.996977 25.622080
25.396815 48.996719 25.606466
25.412686 48.996452 25.590863
25.428557 48.996173 25.575270
25.444427 48.995885 25.559688
25.460298 48.995586 25.544117
25.476168 48.995276 25.528556
25.492038 48.994956 25.513006
25.507908 48.994625 25.497467
25.523778 48.994284 25.481939
25.539647 48.993932 25.466421
25.555516 48.993570 25.450914
25.571385 48.993197 25.435417
25.587254 48.992814 25.419932
25.603122 48.992421 25.404457
25.618990 48.992016 25.388993
25.634858 48.991602 25.373540
25.650726 48.991177 25.358097
25.666593 48.990741 25.342666
25.682460 48.990295 25.327245
25.698327 48.989838 25.311835
25.714194 48.989371 25.296435
25.730060 48.988894 25.281047
25.745925 48.988405 25.265669
25.761791 48.987907 25.250302
25.777656 48.987398 25.234946
25.793521 48.986878 25.219601
25.809385 48.986348 25.204267
25.825249 48.985808 25.188943
25.841113 48.985256 25.173630
25.856977 48.984695 25.158329
25.872840 48.984123 25.143038
25.888702 48.983540 25.127757
25.904564 48.982947 25.112488
25.920426 48.982344 25.097230
25.936288 48.981730 25.081983
25.952149 48.981105 25.066746
25.968009 48.980470 25.051520
25.983869 48.979825 25.036306
25.999729 48.979169 25.021102
26.015589 48.978502 25.005909
26.031447 48.977826 24.990727
26.047306 48.977138 24.975556
26.063164 48.976440 24.960396
26.079021 48.975732 24.945247
26.094878 48.975013 24.930109
26.110735 48.974283 24.914982
26.126591 48.973544 24.899866
26.142446 48.972793 24.884760
26.158302 48.972032 24.869666
26.174156 48.971261 24.854583
26.190010 48.970479 24.839511
26.205864 48.969687 24.824449
26.221717 48.968884 24.809399
26.237569 48.968071 24.794360
26.253421 48.967247 24.779332
26.269272 48.966413 24.764315
26.285123 48.965568 24.749309
26.300973 48.964713 24.734314
26.316823 48.963847 24.719330
26.332672 48.962971 24.704357
26.348521 48.962084 24.689395
26.364369 48.961187 24.674444
26.380216 48.960280 24.659504
26.396063 48.959362 24.644576
26.411909 48.958433 24.629658
26.427754 48.957494 24.614752
26.443599 48.956544 24.599856
26.459444 48.955584 24.584972
26.475287 48.954614 24.570099
26.491130 48.953633 24.555237
26.506972 48.952641 24.540386
26.522814 48.951640 24.525546
26.538655 48.950627 24.510718
26.554495 48.949604 24.495900
26.570335 48.948571 24.481094
26.586174 48.947527 24.466299
26.602012 48.946473 24.451515
26.617850 48.945408 24.436742
26.633687 48.944333 24.421981
26.649523 48.943247 24.407230
26.665358 48.942151 24.392491
26.681193 48.941044 24.377763
26.697027 48.939927 24.363046
26.712860 48.938799 24.348341
26.728693 48.937661 24.333646
26.744524 48.936513 24.318963
26.760355 48.935354 24.304291
26.776185 48.934184 24.289631
26.792015 48.933004 24.274981
26.807843 48.931814 24.260343
26.823671 48.930613 24.245716
26.839498 48.929401 24.231101
26.855324 48.928179 24.216496
26.871150 48.926947 24.201903
26.886974 48.925704 24.187321
26.902798 48.924451 24.172751
26.918621 48.923187 24.158192
26.934443 48.921913 24.143644
26.950264 48.920629 24.129107
26.966085 48.919333 24.114582
26.981904 48.918028 24.100068
26.997723 48.916712 24.085565
27.013541 48.915385 24.071074
27.029358 48.914048 24.056594
27.045174 48.912701 24.042125
27.060989 48.911343 24.027668
27.076803 48.909975 24.013222
27.092616 48.908596 23.998788
27.108429 48.907207 23.984365
27.124240 48.905807 23.969953
27.140051 48.904397 23.955553
27.155860 48.902976 23.941164
27.171669 48.901545 23.926786
27.187477 48.900103 23.912420
27.203283 48.898651 23.898065
27.219089 48.897189 23.883722
27.234894 48.895716 23.869390
27.250698 48.894233 23.855069
27.266501 48.892739 23.840760
27.282303 48.891235 23.826463
27.298104 48.889720 23.812176
27.313903 48.888195 23.797902
27.329702 48.886659 23.783639
27.345500 48.885113 23.769387
27.361297 48.883557 23.755146
27.377093 48.881990 23.740918
27.392887 48.880412 23.726700
27.408681 48.878824 23.712494
27.424474 48.877226 23.698300
27.440265 48.875617 23.684117
27.456056 48.873998 23.669946
27.471845 48.872369 23.655786
27.487634 48.870728 23.641638
27.503421 48.869078 23.627501
27.519207 48.867417 23.613376
27.534992 48.865746 23.599262
27.550776 48.864064 23.585160
27.566559 48.862372 23.571069
27.582341 48.860669 23.556990
27.598121 48.858956 23.542923
27.613901 48.857232 23.528867
27.629679 48.855498 23.514823
27.645456 48.853754 23.500790
27.661232 48.851999 23.486769
27.677007 48.850233 23.472760
27.692781 48.848458 23.458762
27.708553 48.846671 23.444775
27.724325 48.844875 23.430801
27.740095 48.843068 23.416838
27.755864 48.841250 23.402886
27.771631 48.839422 23.388946
27.787398 48.837584 23.375018
27.803163 48.835735 23.361102
27.818927 48.833876 23.347197
27.834690 48.832006 23.333304
27.850452 48.830126 23.319422
27.866212 48.828236 23.305552
27.881971 48.826335 23.291694
27.897729 48.824424 23.277847
27.913485 48.822502 23.264013
27.929241 48.820570 23.250190
27.944995 48.818627 23.236378
27.960747 48.816674 23.222578
27.976499 48.814711 23.208790
27.992249 48.812737 23.195014
28.007998 48.810753 23.181250
28.023745 48.808758 23.167497
28.039491 48.806753 23.153756
28.055236 48.804738 23.140026
28.070980 48.802712 23.126309
28.086722 48.800675 23.112603
28.102463 48.798629 23.098909
28.118202 48.796572 23.085226
28.133940 48.794504 23.071556
28.149677 48.792426 23.057897
28.165412 48.790338 23.044250
28.181146 48.788239 23.030615
28.196879 48.786130 23.016992
28.212610 48.784010 23.003380
28.228340 48.781880 22.989780
28.244068 48.779740 22.976192
28.259795 48.777589 22.962616
28.275520 48.775428 22.949052
28.291244 48.773256 22.935499
28.306967 48.771074 22.921959
28.322688 48.768882 22.908430
28.338408 48.766679 22.894913
28.354126 48.764466 22.881408
28.369843 48.762242 22.867915
28.385558 48.760008 22.854433
28.401272 48.757764 22.840964
28.416984 48.755509 22.827506
28.432695 48.753244 22.814061
28.448405 48.750969 22.800627
28.464113 48.748683 22.787205
28.479819 48.746386 22.773795
28.495524 48.744080 22.760397
28.511227 48.741762 22.747011
28.526929 48.739435 22.733636
28.542629 48.737097 22.720274
28.558328 48.734749 22.706924
28.574025 48.732390 22.693585
28.589720 48.730021 22.680259
28.605414 48.727642 22.666944
28.621107 48.725252 22.653641
28.636797 48.722852 22.640351
28.652487 48.720441 22.627072
28.668174 48.718021 22.613805
28.683860 48.715589 22.600551
28.699545 48.713148 22.587308
28.715227 48.710696 22.574077
28.730908 48.708233 22.560858
28.746588 48.705760 22.547652
28.762266 48.703277 22.534457
28.777942 48.700784 22.521274
28.793617 48.698280 22.508103
28.809290 48.695766 22.494945
28.824961 48.693241 22.481798
28.840630 48.690706 22.468663
28.856298 48.688161 22.455541
28.871965 48.685605 22.442430
28.887629 48.683039 22.429332
28.903292 48.680463 22.416245
28.918953 48.677876 22.403171
28.934612 48.675279 22.390109
28.950270 48.672671 22.377059
28.965926 48.670053 22.364020
28.981580 48.667425 22.350994
28.997233 48.664787 22.337980
29.012884 48.662138 22.324979
29.028533 48.659479 22.311989
29.044180 48.656809 22.299011
29.059825 48.654129 22.286046
29.075469 48.651439 22.273092
29.091111 48.648738 22.260151
29.106751 48.646027 22.247222
29.122389 48.643306 22.234305
29.138026 48.640574 22.221400
29.153660 48.637832 22.208508
29.169293 48.635080 22.195627
29.184924 48.632317 22.182759
29.200553 48.629544 22.169903
29.216181 48.626761 22.157059
29.231806 48.623967 22.144227
29.247430 48.621163 22.131407
29.263052 48.618349 22.118600
29.278672 48.615524 22.105804
29.294290 48.612689 22.093021
29.309906 48.609843 22.080250
29.325520 48.606988 22.067492
29.341133 48.604122 22.054745
29.356743 48.601245 22.042011
29.372352 48.598359 22.029289
29.387959 48.595462 22.016579
29.403563 48.592555 22.003882
29.419166 48.589637 21.991197
29.434767 48.586709 21.978524
29.450366 48.583771 21.965863
29.465963 48.580822 21.953215
29.481558 48.577863 21.940578
29.497152 48.574894 21.927954
29.512743 48.571914 21.915343
29.528332 48.568925 21.902743
29.543919 48.565925 21.890156
29.559504 48.562914 21.877582
29.575088 48.559893 21.865019
29.590669 48.556862 21.852469
29.606248 48.553821 21.839931
29.621825 48.550769 21.827406
29.637400 48.547707 21.814892
29.652974 48.544635 21.802391
29.668545 48.541552 21.789903
29.684114 48.538460 21.777427
29.699681 48.535356 21.764963
29.715246 48.532243 21.752511
29.730809 48.529119 21.740072
29.746369 48.525985 21.727645
29.761928 48.522841 21.715231
29.777485 48.519686 21.702829
29.793040 48.516521 21.690439
29.808592 48.513346 21.678062
29.824142 48.510161 21.665697
29.839691 48.506965 21.653345
29.855237 48.503759 21.641004
29.870781 48.500542 21.628677
29.886323 48.497316 21.616361
29.901863 48.494079 21.604059
29.917400 48.490832 21.591768
29.932936 48.487574 21.579490
29.948469 48.484307 21.567224
29.964000 48.481029 21.554971
29.979529 48.477740 21.542731
29.995056 48.474442 21.530502
30.010581 48.471133 21.518286
30.026103 48.467814 21.506083
30.041623 48.464485 21.493892
30.057141 48.461145 21.481714
30.072657 48.457795 21.469548
30.088171 48.454435 21.457394
30.103682 48.451065 21.445253
30.119191 48.447684 21.433125
30.134698 48.444293 21.421009
30.150203 48.440892 21.408905
30.165705 48.437480 21.396814
30.181205 48.434059 21.384736
30.196703 48.430627 21.372670
30.212199 48.427185 21.360617
30.227692 48.423732 21.348576
30.243183 48.420270 21.336547
30.258672 48.416797 21.324531
30.274158 48.413314 21.312528
30.289642 48.409820 21.300537
30.305124 48.406317 21.288559
30.320604 48.402803 21.276594
30.336081 48.399279 21.264641
30.351556 48.395744 21.252700
30.367028 48.392200 21.240772
30.382498 48.388645 21.228857
30.397966 48.385080 21.216954
30.413431 48.381505 21.205064
30.428895 48.377919 21.193186
30.444355 48.374323 21.181321
30.459814 48.370717 21.169469
30.475269 48.367101 21.157629
30.490723 48.363475 21.145802
30.506174 48.359838 21.133988
30.521623 48.356192 21.122186
30.537069 48.352534 21.110396
30.552513 48.348867 21.098620
30.567954 48.345190 21.086856
30.583393 48.341502 21.075105
30.598830 48.337804 21.063366
30.614264 48.334096 21.051640
30.629696 48.330378 21.039927
30.645125 48.326649 21.028226
30.660552 48.322911 21.016538
30.675976 48.319162 21.004862
30.691398 48.315402 20.993200
30.706817 48.311633 20.981550
30.722234 48.307854 20.969913
30.737648 48.304064 20.958288
30.753060 48.300264 20.946676
30.768469 48.296454 20.935077
30.783876 48.292634 20.923491
30.799280 48.288803 20.911917
30.814682 48.284962 20.900356
30.830081 48.281112 20.888808
30.845477 48.277251 20.877272
30.860871 48.273379 20.865749
30.876263 48.269498 20.854239
30.891652 48.265606 20.842742
30.907038 48.261705 20.831257
30.922422 48.257793 20.819786
30.937803 48.253871 20.808327
30.953181 48.249938 20.796880
30.968557 48.245996 20.785447
30.983931 48.242043 20.774026
30.999301 48.238080 20.762618
31.014669 48.234108 20.751223
31.030035 48.230124 20.739841
31.045398 48.226131 20.728471
31.060758 48.222128 20.717115
31.076115 48.218114 20.705771
31.091470 48.214090 20.694439
31.106822 48.210056 20.683121
31.122172 48.206012 20.671816
31.137519 48.201958 20.660523
31.152863 48.197894 20.649243
31.168204 48.193819 20.637976
31.183543 48.189735 20.626722
31.198879 48.185640 20.615481
31.214212 48.181535 20.604253
31.229543 48.177420 20.593037
31.244871 48.173295 20.581834
31.260196 48.169159 20.570645
31.275519 48.165014 20.559468
31.290838 48.160858 20.548304
31.306155 48.156692 20.537152
31.321469 48.152517 20.526014
31.336781 48.148331 20.514889
31.352089 48.144134 20.503776
31.367395 48.139928 20.492677
31.382698 48.135712 20.481590
31.397999 48.131485 20.470516
31.413296 48.127249 20.459455
31.428591 48.123002 20.448407
31.443883 48.118745 20.437372
31.459172 48.114478 20.426350
31.474458 48.110201 20.415341
31.489741 48.105914 20.404345
31.505022 48.101617 20.393361
31.520300 48.097309 20.382391
31.535574 48.092992 20.371434
31.550846 48.088664 20.360489
31.566116 48.084326 20.349558
31.581382 48.079979 20.338640
31.596645 48.075621 20.327734
31.611906 48.071253 20.316842
31.627163 48.066875 20.305962
31.642418 48.062486 20.295095
31.657670 48.058088 20.284242
31.672919 48.053680 20.273401
31.688165 48.049261 20.262574
31.703408 48.044833 20.251759
31.718648 48.040394 20.240958
31.733885 48.035946 20.230169
31.749119 48.031487 20.219394
31.764350 48.027018 20.208631
31.779579 48.022539 20.197882
31.794804 48.018050 20.187146
31.810026 48.013551 20.176422
31.825246 48.009042 20.165712
31.840462 48.004523 20.155015
31.855676 47.999994 20.144331
31.870886 47.995454 20.133659
31.886094 47.990905 20.123001
31.901298 47.986346 20.112356
31.916499 47.981776 20.101724
31.931698 47.977197 20.091106
31.946893 47.972607 20.080500
31.962085 47.968007 20.069907
31.977275 47.963398 20.059328
31.992461 47.958778 20.048761
32.007644 47.954148 20.038208
32.022824 47.949509 20.027668
32.038001 47.944859 20.017140
32.053175 47.940199 20.006626
32.068346 47.935529 19.996125
32.083513 47.930849 19.985638
32.098678 47.926159 19.975163
32.113840 47.921459 19.964701
32.128998 47.916749 19.954253
32.144153 47.912029 19.943818
32.159305 47.907299 19.933396
32.174454 47.902559 19.922987
32.189600 47.897809 19.912591
32.204743 47.893049 19.902208
32.219883 47.888279 19.891839
32.235019 47.883498 19.881482
32.250152 47.878708 19.871139
32.265283 47.873908 19.860809
32.280410 47.869098 19.850493
32.295533 47.864278 19.840189
32.310654 47.859448 19.829899
32.325771 47.854607 19.819621
32.340885 47.849757 19.809357
32.355996 47.844897 19.799107
32.371104 47.840027 19.788869
32.386209 47.835147 19.778645
32.401310 47.830257 19.768434
32.416408 47.825356 19.758236
32.431503 47.820446 19.748051
32.446594 47.815526 19.737880
32.461682 47.810596 19.727721
32.476768 47.805656 19.717576
32.491849 47.800706 19.707445
32.506928 47.795746 19.697326
32.522003 47.790776 19.687221
32.537075 47.785796 19.677129
32.552143 47.780806 19.667050
32.567209 47.775806 19.656985
32.582271 47.770796 19.646933
32.597329 47.765777 19.636894
32.612385 47.760747 19.626868
32.627437 47.755707 19.616856
32.642485 47.750658 19.606857
32.657531 47.745598 19.596871
32.672573 47.740528 19.586899
32.687611 47.735449 19.576940
32.702647 47.730359 19.566994
32.717679 47.725260 19.557062
32.732707 47.720151 19.547142
32.747732 47.715031 19.537237
32.762754 47.709902 19.527344
32.777772 47.704763 19.517465
32.792787 47.699614 19.507599
32.807799 47.694455 19.497746
32.822807 47.689286 19.487907
32.837812 47.684107 19.478081
32.852813 47.678918 19.468269
32.867811 47.673719 19.458470
32.882805 47.668511 19.448684
32.897796 47.663292 19.438912
32.912784 47.658064 19.429153
32.927768 47.652825 19.419407
32.942748 47.647577 19.409675
32.957725 47.642319 19.399956
32.972699 47.637051 19.390250
32.987669 47.631773 19.380558
33.002636 47.626485 19.370879
33.017599 47.621187 19.361214
33.032558 47.615879 19.351562
33.047515 47.610562 19.341924
33.062467 47.605234 19.332298
33.077416 47.599897 19.322687
33.092362 47.594550 19.313088
33.107304 47.589193 19.303504
33.122242 47.583826 19.293932
33.137177 47.578449 19.284374
33.152108 47.573062 19.274830
33.167036 47.567665 19.265298
33.181960 47.562259 19.255781
33.196881 47.556842 19.246277
33.211798 47.551416 19.236786
33.226711 47.545980 19.227308
33.241621 47.540534 19.217845
33.256528 47.535078 19.208394
33.271430 47.529613 19.198957
33.286329 47.524137 19.189534
33.301225 47.518652 19.180124
33.316116 47.513156 19.170727
33.331004 47.507651 19.161344
33.345889 47.502136 19.151975
33.360770 47.496612 19.142619
33.375647 47.491077 19.133276
33.390520 47.485532 19.123947
33.405390 47.479978 19.114632
33.420256 47.474414 19.105330
33.435119 47.468840 19.096041
33.449978 47.463256 19.086766
33.464833 47.457663 19.077505
33.479684 47.452059 19.068257
33.494532 47.446446 19.059022
33.509376 47.440823 19.049802
33.524216 47.435190 19.040594
33.539052 47.429547 19.031401
33.553885 47.423895 19.022220
33.568714 47.418232 19.013054
33.583539 47.412560 19.003900
33.598361 47.406878 18.994761
33.613179 47.401186 18.985635
33.627993 47.395485 18.976522
33.642803 47.389774 18.967424
33.657609 47.384052 18.958338
33.672412 47.378321 18.949267
33.687211 47.372581 18.940208
33.702006 47.366830 18.931164
33.716797 47.361070 18.922133
33.731585 47.355300 18.913116
33.746368 47.349520 18.904112
33.761148 47.343730 18.895122
33.775924 47.337931 18.886145
33.790696 47.332122 18.877182
33.805464 47.326303 18.868233
33.820229 47.320474 18.859297
33.834989 47.314636 18.850375
33.849746 47.308787 18.841467
33.864499 47.302929 18.832572
33.879248 47.297062 18.823691
33.893993 47.291184 18.814823
33.908734 47.285297 18.805969
33.923471 47.279400 18.797129
33.938205 47.273493 18.788302
33.952934 47.267577 18.779489
33.967660 47.261650 18.770690
33.982381 47.255714 18.761904
33.997099 47.249769 18.753132
34.011813 47.243813 18.744374
34.026523 47.237848 18.735629
34.041228 47.231873 18.726898
34.055930 47.225889 18.718181
34.070628 47.219894 18.709477
34.085322 47.213890 18.700788
34.100012 47.207876 18.692111
34.114698 47.201853 18.683449
34.129380 47.195820 18.674800
34.144058 47.189777 18.666165
34.158732 47.183724 18.657543
34.173402 47.177662 18.648936
34.188069 47.171590 18.640342
34.202731 47.165508 18.631761
34.217389 47.159417 18.623195
34.232042 47.153316 18.614642
34.246692 47.147205 18.606103
34.261338 47.141084 18.597577
34.275980 47.134954 18.589066
34.290618 47.128814 18.580568
34.305252 47.122665 18.572084
34.319881 47.116505 18.563613
34.334507 47.110337 18.555157
34.349128 47.104158 18.546714
34.363746 47.097970 18.538285
34.378359 47.091772 18.529869
34.392968 47.085564 18.521468
34.407573 47.079347 18.513080
34.422174 47.073120 18.504706
34.436771 47.066884 18.496345
34.451364 47.060637 18.487999
34.465952 47.054382 18.479666
34.480537 47.048116 18.471347
34.495117 47.041841 18.463042
34.509693 47.035556 18.454751
34.524265 47.029262 18.446473
34.538833 47.022958 18.438209
34.553396 47.016644 18.429960
34.567956 47.010321 18.421723
34.582511 47.003988 18.413501
34.597062 46.997645 18.405293
34.611609 46.991293 18.397098
34.626152 46.984931 18.388917
34.640690 46.978560 18.380750
34.655224 46.972179 18.372597
34.669754 46.965788 18.364457
34.684280 46.959388 18.356332
34.698802 46.952978 18.348220
34.713319 46.946559 18.340122
34.727832 46.940129 18.332038
34.742341 46.933691 18.323968
34.756846 46.927243 18.315912
34.771346 46.920785 18.307870
34.785842 46.914317 18.299841
34.800334 46.907840 18.291826
34.814821 46.901354 18.283825
34.829304 46.894857 18.275838
34.843783 46.888352 18.267865
34.858257 46.881836 18.259906
34.872728 46.875311 18.251961
34.887194 46.868777 18.244029
34.901655 46.862233 18.236112
34.916112 46.855679 18.228208
34.930565 46.849116 18.220319
34.945014 46.842543 18.212443
34.959458 46.835961 18.204581
34.973898 46.829369 18.196733
34.988334 46.822768 18.188899
35.002765 46.816157 18.181079
35.017191 46.809536 18.173272
35.031614 46.802906 18.165480
35.046032 46.796267 18.157701
35.060445 46.789618 18.149937
35.074855 46.782959 18.142186
35.089259 46.776291 18.134450
35.103660 46.769613 18.126727
35.118056 46.762926 18.119018
35.132447 46.756229 18.111324
35.146834 46.749523 18.103643
35.161217 46.742807 18.095976
35.175595 46.736082 18.088323
35.189969 46.729347 18.080684
35.204338 46.722603 18.073059
35.218703 46.715849 18.065448
35.233063 46.709086 18.057851
35.247419 46.702313 18.050268
35.261771 46.695531 18.042698
35.276118 46.688739 18.035143
35.290460 46.681938 18.027602
35.304798 46.675127 18.020075
35.319131 46.668307 18.012562
35.333460 46.661477 18.005062
35.347785 46.654638 17.997577
35.362104 46.647790 17.990106
35.376420 46.640931 17.982649
35.390731 46.634064 17.975206
35.405037 46.627187 17.967776
35.419338 46.620300 17.960361
35.433636 46.613404 17.952960
35.447928 46.606499 17.945573
35.462216 46.599584 17.938200
35.476500 46.592660 17.930841
35.490778 46.585726 17.923496
35.505053 46.578783 17.916165
35.519322 46.571830 17.908848
35.533587 46.564868 17.901545
35.547848 46.557897 17.894256
35.562104 46.550916 17.886981
35.576355 46.543925 17.879720
35.590601 46.536926 17.872473
35.604843 46.529916 17.865240
35.619081 46.522898 17.858022
35.633313 46.515870 17.850817
35.647541 46.508832 17.843626
35.661765 46.501785 17.836450
35.675983 46.494729 17.829288
35.690197 46.487663 17.822139
35.704407 46.480588 17.815005
35.718611 46.473504 17.807885
35.732811 46.466410 17.800779
35.747007 46.459307 17.793687
35.761197 46.452194 17.786609
35.775383 46.445072 17.779545
35.789564 46.437941 17.772495
35.803741 46.430800 17.765459
35.817912 46.423650 17.758438
35.832079 46.416490 17.751430
35.846242 46.409321 17.744437
35.860399 46.402143 17.737458
35.874552 46.394956 17.730493
35.888700 46.387759 17.723542
35.902843 46.380552 17.716605
35.916981 46.373337 17.709682
35.931115 46.366112 17.702773
35.945244 46.358877 17.695879
35.959368 46.351633 17.688998
35.973487 46.344380 17.682132
35.987602 46.337118 17.675280
36.001712 46.329846 17.668442
36.015817 46.322565 17.661618
36.029917 46.315275 17.654809
36.044012 46.307975 17.648013
36.058102 46.300666 17.641232
36.072188 46.293348 17.634464
36.086269 46.286020 17.627711
36.100345 46.278683 17.620972
36.114416 46.271337 17.614248
36.128482 46.263981 17.607537
36.142543 46.256616 17.600841
36.156599 46.249242 17.594158
36.170651 46.241859 17.587490
36.184698 46.234466 17.580837
36.198739 46.227064 17.574197
36.212776 46.219652 17.567571
36.226808 46.212232 17.560960
36.240835 46.204802 17.554363
36.254858 46.197363 17.547780
36.268875 46.189914 17.541211
36.282887 46.182456 17.534657
36.296894 46.174989 17.528116
36.310897 46.167513 17.521590
36.324894 46.160028 17.515078
36.338887 46.152533 17.508580
36.352874 46.145029 17.502097
36.366857 46.137516 17.495628
36.380834 46.129993 17.489172
36.394807 46.122461 17.482732
36.408775 46.114920 17.476305
36.422737 46.107370 17.469893
36.436695 46.099811 17.463494
36.450648 46.092242 17.457110
36.464595 46.084664 17.450741
36.478538 46.077077 17.444385
36.492476 46.069480 17.438044
36.506408 46.061875 17.431717
36.520336 46.054260 17.425404
36.534258 46.046636 17.419106
36.548176 46.039003 17.412821
36.562088 46.031360 17.406552
36.575996 46.023709 17.400296
36.589898 46.016048 17.394054
36.603795 46.008378 17.387827
36.617687 46.000699 17.381614
36.631574 45.993010 17.375415
36.645456 45.985313 17.369231
36.659333 45.977606 17.363061
36.673205 45.969890 17.356905
36.687072 45.962165 17.350763
36.700933 45.954431 17.344636
36.714790 45.946687 17.338523
36.728641 45.938935 17.332424
36.742487 45.931173 17.326340
36.756328 45.923402 17.320270
36.770164 45.915622 17.314214
36.783995 45.907833 17.308173
36.797820 45.900034 17.302145
36.811641 45.892227 17.296132
36.825456 45.884410 17.290134
36.839266 45.876584 17.284149
36.853071 45.868749 17.278179
36.866871 45.860905 17.272224
36.880666 45.853052 17.266282
36.894455 45.845190 17.260355
36.908239 45.837319 17.254442
36.922018 45.829438 17.248544
36.935792 45.821548 17.242660
36.949560 45.813650 17.236790
36.963324 45.805742 17.230935
36.977082 45.797825 17.225094
36.990834 45.789899 17.219267
37.004582 45.781964 17.213454
37.018324 45.774019 17.207656
37.032061 45.766066 17.201873
37.045793 45.758104 17.196103
37.059520 45.750132 17.190348
37.073241 45.742152 17.184607
37.086957 45.734162 17.178881
37.100668 45.726163 17.173169
37.114373 45.718156 17.167472
37.128073 45.710139 17.161788
37.141768 45.702113 17.156119
37.155457 45.694078 17.150465
37.169141 45.686034 17.144825
37.182820 45.677981 17.139199
37.196494 45.669919 17.133588
37.210162 45.661848 17.127990
37.223825 45.653767 17.122408
37.237482 45.645678 17.116840
37.251134 45.637580 17.111286
37.264781 45.629473 17.105746
37.278422 45.621356 17.100221
37.292059 45.613231 17.094710
37.305689 45.605097 17.089214
37.319314 45.596953 17.083732
37.332934 45.588801 17.078265
37.346549 45.580640 17.072811
37.360158 45.572469 17.067373
37.373762 45.564290 17.061948
37.387360 45.556102 17.056538
37.400953 45.547904 17.051143
37.414540 45.539698 17.045762
37.428122 45.531483 17.040395
37.441699 45.523258 17.035043
37.455270 45.515025 17.029705
37.468835 45.506783 17.024382
37.482396 45.498532 17.019073
37.495950 45.490271 17.013778
37.509500 45.482002 17.008498
37.523043 45.473724 17.003232
37.536582 45.465437 16.997981
37.550115 45.457141 16.992744
37.563642 45.448836 16.987522
37.577164 45.440522 16.982314
37.590680 45.432199 16.977120
37.604191 45.423868 16.971941
37.617696 45.415527 16.966777
37.631196 45.407177 16.961627
37.644691 45.398819 16.956491
37.658179 45.390451 16.951370
37.671663 45.382075 16.946263
37.685140 45.373689 16.941170
37.698612 45.365295 16.936093
37.712079 45.356892 16.931029
37.725540 45.348480 16.925980
37.738995 45.340059 16.920946
37.752445 45.331629 16.915926
37.765890 45.323190 16.910920
37.779328 45.314743 16.905929
37.792761 45.306286 16.900952
37.806189 45.297821 16.895990
37.819611 45.289346 16.891043
37.833027 45.280863 16.886110
37.846438 45.272371 16.881191
37.859843 45.263870 16.876287
37.873243 45.255360 16.871397
37.886636 45.246842 16.866522
37.900025 45.238314 16.861661
37.913407 45.229778 16.856815
37.926784 45.221233 16.851983
37.940155 45.212679 16.847166
37.953521 45.204116 16.842363
37.966881 45.195544 16.837575
37.980235 45.186964 16.832801
37.993584 45.178374 16.828042
38.006927 45.169776 16.823298
38.020264 45.161169 16.818567
38.033595 45.152553 16.813852
38.046921 45.143928 16.809151
38.060241 45.135295 16.804464
38.073556 45.126653 16.799792
38.086864 45.118002 16.795134
38.100167 45.109342 16.790491
38.113464 45.100673 16.785863
38.126756 45.091995 16.781249
38.140042 45.083309 16.776649
38.153322 45.074614 16.772064
38.166596 45.065910 16.767494
38.179864 45.057198 16.762938
38.193127 45.048476 16.758397
38.206384 45.039746 16.753870
38.219635 45.031007 16.749358
38.232880 45.022260 16.744860
38.246120 45.013503 16.740377
38.259354 45.004738 16.735908
38.272582 44.995964 16.731454
38.285804 44.987181 16.727015
38.299020 44.978390 16.722590
38.312231 44.969590 16.718180
38.325436 44.960781 16.713784
38.338634 44.951963 16.709402
38.351828 44.943137 16.705036
38.365015 44.934302 16.700684
38.378196 44.925458 16.696346
38.391372 44.916605 16.692023
38.404541 44.907744 16.687715
38.417705 44.898874 16.683421
38.430863 44.889995 16.679142
38.444015 44.881108 16.674877
38.457161 44.872212 16.670627
38.470302 44.863307 16.666391
38.483436 44.854394 16.662170
38.496565 44.845472 16.657964
38.509687 44.836541 16.653772
38.522804 44.827601 16.649595
38.535915 44.818653 16.645432
38.549020 44.809696 16.641284
38.562118 44.800731 16.637151
38.575211 44.791757 16.633032
38.588298 44.782774 16.628928
38.601380 44.773782 16.624838
38.614455 44.764782 16.620763
38.627524 44.755774 16.616702
38.640587 44.746756 16.612657
38.653645 44.737730 16.608625
38.666696 44.728695 16.604609
38.679741 44.719652 16.600607
38.692781 44.710600 16.596619
38.705814 44.701540 16.592646
38.718841 44.692471 16.588688
38.731863 44.683393 16.584745
38.744878 44.674306 16.580816
38.757887 44.665211 16.576901
38.770891 44.656108 16.573002
38.783888 44.646996 16.569117
38.796879 44.637875 16.565246
38.809864 44.628745 16.561390
38.822844 44.619607 16.557549
38.835817 44.610461 16.553722
38.848784 44.601306 16.549910
38.861745 44.592142 16.546113
38.874700 44.582970 16.542330
38.887649 44.573789 16.538562
38.900592 44.564599 16.534809
38.913528 44.555402 16.531070
38.926459 44.546195 16.527346
38.939384 44.536980 16.523636
38.952302 44.527756 16.519942
38.965214 44.518524 16.516261
38.978121 44.509283 16.512596
38.991021 44.500034 16.508945
39.003915 44.490777 16.505309
39.016803 44.481510 16.501687
39.029685 44.472235 16.498080
39.042560 44.462952 16.494488
39.055430 44.453660 16.490910
39.068293 44.444360 16.487347
39.081150 44.435051 16.483799
39.094001 44.425734 16.480265
39.106846 44.416408 16.476746
39.119685 44.407074 16.473242
39.132517 44.397731 16.469752
39.145344 44.388379 16.466277
39.158164 44.379020 16.462817
39.170978 44.369651 16.459371
39.183785 44.360275 16.455940
39.196587 44.350889 16.452524
39.209382 44.341496 16.449122
39.222171 44.332094 16.445735
39.234954 44.322683 16.442363
39.247731 44.313264 16.439005
39.260501 44.303836 16.435662
39.273266 44.294400 16.432334
39.286024 44.284956 16.429020
39.298775 44.275503 16.425721
39.311521 44.266042 16.422437
39.324260 44.256572 16.419168
39.336993 44.247094 16.415913
39.349720 44.237608 16.412673
39.362440 44.228113 16.409447
39.375154 44.218609 16.406237
39.387862 44.209098 16.403041
39.400563 44.199577 16.399859
39.413259 44.190049 16.396693
39.425948 44.180512 16.393541
39.438630 44.170967 16.390403
39.451306 44.161413 16.387281
39.463976 44.151851 16.384173
39.476640 44.142280 16.381080
39.489297 44.132701 16.378001
39.501948 44.123114 16.374938
39.514593 44.113519 16.371889
39.527231 44.103915 16.368854
39.539863 44.094302 16.365835
39.552489 44.084682 16.362830
39.565108 44.075053 16.359840
39.577721 44.065415 16.356864
39.590327 44.055770 16.353903
39.602927 44.046116 16.350957
39.615521 44.036453 16.348026
39.628108 44.026782 16.345109
39.640689 44.017103 16.342207
39.653264 44.007416 16.339320
39.665832 43.997720 16.336448
39.678393 43.988017 16.333590
39.690948 43.978304 16.330747
39.703497 43.968584 16.327919
39.716040 43.958855 16.325106
39.728576 43.949118 16.322307
39.741105 43.939372 16.319523
39.753628 43.929618 16.316753
39.766145 43.919856 16.313999
39.778655 43.910086 16.311259
39.791159 43.900308 16.308534
39.803656 43.890521 16.305823
39.816146 43.880726 16.303128
39.828631 43.870922 16.300447
39.841108 43.861111 16.297781
39.853580 43.851291 16.295129
39.866045 43.841463 16.292493
39.878503 43.831626 16.289871
39.890955 43.821782 16.287264
39.903400 43.811929 16.284671
39.915838 43.802068 16.282093
39.928271 43.792199 16.279531
39.940696 43.782321 16.276982
39.953115 43.772436 16.274449
39.965528 43.762542 16.271930
39.977934 43.752640 16.269426
39.990334 43.742729 16.266937
40.002727 43.732811 16.264463
40.015113 43.722884 16.262003
40.027493 43.712949 16.259558
40.039866 43.703006 16.257128
40.052233 43.693055 16.254713
40.064593 43.683095 16.252312
40.076946 43.673128 16.249926
40.089293 43.663152 16.247555
40.101633 43.653168 16.245199
40.113967 43.643176 16.242857
40.126294 43.633175 16.240530
40.138615 43.623167 16.238218
40.150928 43.613150 16.235921
40.163236 43.603126 16.233639
40.175536 43.593093 16.231371
40.187830 43.583052 16.229118
40.200117 43.573003 16.226880
40.212398 43.562946 16.224656
40.224672 43.552880 16.222448
40.236939 43.542807 16.220254
40.249200 43.532725 16.218075
40.261454 43.522635 16.215911
40.273701 43.512538 16.213761
40.285942 43.502432 16.211626
40.298176 43.492318 16.209506
40.310403 43.482196 16.207401
40.322624 43.472066 16.205311
40.334837 43.461927 16.203235
40.347045 43.451781 16.201174
40.359245 43.441627 16.199128
40.371439 43.431464 16.197097
40.383626 43.421294 16.195081
40.395806 43.411115 16.193079
40.407979 43.400928 16.191092
40.420146 43.390734 16.189120
40.432306 43.380531 16.187163
40.444460 43.370320 16.185220
40.456606 43.360102 16.183292
40.468746 43.349875 16.181379
40.480879 43.339640 16.179481
40.493005 43.329397 16.177598
40.505125 43.319146 16.175729
40.517237 43.308887 16.173876
40.529343 43.298620 16.172037
40.541442 43.288345 16.170212
40.553534 43.278062 16.168403
40.565620 43.267772 16.166609
40.577699 43.257473 16.164829
40.589770 43.247166 16.163064
40.601836 43.236851 16.161314
40.613894 43.226528 16.159578
40.625945 43.216197 16.157858
40.637990 43.205858 16.156152
40.650027 43.195512 16.154461
40.662058 43.185157 16.152785
40.674082 43.174794 16.151124
40.686099 43.164424 16.149477
40.698110 43.154045 16.147845
40.710113 43.143658 16.146228
40.722110 43.133264 16.144626
40.734099 43.122862 16.143039
40.746082 43.112451 16.141466
40.758058 43.102033 16.139909
40.770027 43.091607 16.138366
40.781989 43.081173 16.136838
40.793944 43.070731 16.135325
40.805893 43.060281 16.133826
40.817834 43.049823 16.132342
40.829769 43.039358 16.130874
40.841696 43.028884 16.129420
40.853617 43.018403 16.127981
40.865531 43.007913 16.126556
40.877437 42.997416 16.125147
40.889337 42.986911 16.123752
40.901230 42.976398 16.122372
40.913116 42.965877 16.121007
40.924995 42.955349 16.119657
40.936867 42.944812 16.118321
40.948732 42.934268 16.117001
40.960590 42.923715 16.115695
40.972441 42.913155 16.114404
40.984285 42.902587 16.113128
40.996122 42.892012 16.111866
41.007952 42.881428 16.110620
41.019775 42.870837 16.109388
41.031591 42.860238 16.108171
41.043400 42.849631 16.106969
41.055202 42.839016 16.105782
41.066997 42.828393 16.104610
41.078785 42.817763 16.103452
41.090566 42.807125 16.102309
41.102340 42.796479 16.101182
41.114107 42.785825 16.100068
41.125867 42.775163 16.098970
41.137619 42.764494 16.097887
41.149365 42.753817 16.096818
41.161104 42.743132 16.095764
41.172835 42.732439 16.094726
41.184560 42.721739 16.093701
41.196277 42.711031 16.092692
41.207987 42.700315 16.091698
41.219691 42.689591 16.090718
41.231387 42.678860 16.089753
41.243076 42.668121 16.088804
41.254758 42.657374 16.087868
41.266433 42.646619 16.086948
41.278100 42.635857 16.086043
41.289761 42.625087 16.085152
41.301414 42.614309 16.084276
41.313061 42.603524 16.083415
41.324700 42.592731 16.082569
41.336332 42.581930 16.081738
41.347957 42.571121 16.080922
41.359574 42.560305 16.080120
41.371185 42.549481 16.079333
41.382789 42.538650 16.078562
41.394385 42.527811 16.077805
41.405974 42.516964 16.077062
41.417556 42.506109 16.076335
41.429131 42.495247 16.075622
41.440698 42.484377 16.074925
41.452258 42.473500 16.074242
41.463812 42.462615 16.073574
41.475358 42.451722 16.072921
41.486896 42.440821 16.072282
41.498428 42.429913 16.071659
41.509952 42.418998 16.071050
41.521469 42.408074 16.070456
41.532979 42.397143 16.069877
41.544482 42.386205 16.069313
41.555977 42.375259 16.068764
41.567465 42.364305 16.068230
41.578946 42.353344 16.067710
41.590420 42.342375 16.067205
41.601886 42.331398 16.066715
41.613346 42.320414 16.066240
41.624797 42.309423 16.065780
41.636242 42.298423 16.065335
41.647679 42.287417 16.064904
41.659109 42.276402 16.064488
41.670532 42.265380 16.064088
41.681948 42.254351 16.063702
41.693356 42.243314 16.063330
41.704757 42.232269 16.062974
41.716150 42.221217 16.062633
41.727536 42.210158 16.062306
41.738915 42.199090 16.061994
41.750287 42.188016 16.061697
41.761651 42.176934 16.061415
41.773008 42.165844 16.061148
41.784358 42.154747 16.060896
41.795700 42.143642 16.060658
41.807035 42.132530 16.060435
41.818363 42.121410 16.060227
41.829683 42.110283 16.060034
41.840996 42.099148 16.059856
41.852301 42.088006 16.059693
41.863599 42.076856 16.059544
41.874890 42.065699 16.059411
41.886173 42.054535 16.059292
41.897449 42.043363 16.059188
41.908718 42.032183 16.059099
41.919979 42.020996 16.059025
41.931233 42.009802 16.058965
41.942479 41.998600 16.058921
41.953718 41.987391 16.058891
41.964950 41.976174 16.058876
41.976174 41.964950 16.058876
41.987391 41.953718 16.058891
41.998600 41.942479 16.058921
42.009802 41.931233 16.058965
42.020996 41.919979 16.059025
42.032183 41.908718 16.059099
42.043363 41.897449 16.059188
42.054535 41.886173 16.059292
42.065699 41.874890 16.059411
42.076856 41.863599 16.059544
42.088006 41.852301 16.059693
42.099148 41.840996 16.059856
42.110283 41.829683 16.060034
42.121410 41.818363 16.060227
42.132530 41.807035 16.060435
42.143642 41.795700 16.060658
42.154747 41.784358 16.060896
42.165844 41.773008 16.061148
42.176934 41.761651 16.061415
42.188016 41.750287 16.061697
42.199090 41.738915 16.061994
42.210158 41.727536 16.062306
42.221217 41.716150 16.062633
42.232269 41.704757 16.062974
42.243314 41.693356 16.063330
42.254351 41.681948 16.063702
42.265380 41.670532 16.064088
42.276402 41.659109 16.064488
42.287417 41.647679 16.064904
42.298423 41.636242 16.065335
42.309423 41.624797 16.065780
42.320414 41.613346 16.066240
42.331398 41.601886 16.066715
42.342375 41.590420 16.067205
42.353344 41.578946 16.067710
42.364305 41.567465 16.068230
42.375259 41.555977 16.068764
42.386205 41.544482 16.069313
42.397143 41.532979 16.069877
42.408074 41.521469 16.070456
42.418998 41.509952 16.071050
42.429913 41.498428 16.071659
42.440821 41.486896 16.072282
42.451722 41.475358 16.072921
42.462615 41.463812 16.073574
42.473500 41.452258 16.074242
42.484377 41.440698 16.074925
42.495247 41.429131 16.075622
42.506109 41.417556 16.076335
42.516964 41.405974 16.077062
42.527811 41.394385 16.077805
42.538650 41.382789 16.078562
42.549481 41.371185 16.079333
42.560305 41.359574 16.080120
42.571121 41.347957 16.080922
42.581930 41.336332 16.081738
42.592731 41.324700 16.082569
42.603524 41.313061 16.083415
42.614309 41.301414 16.084276
42.625087 41.289761 16.085152
42.635857 41.278100 16.086043
42.646619 41.266433 16.086948
42.657374 41.254758 16.087868
42.668121 41.243076 16.088804
42.678860 41.231387 16.089753
42.689591 41.219691 16.090718
42.700315 41.207987 16.091698
42.711031 41.196277 16.092692
42.721739 41.184560 16.093701
42.732439 41.172835 16.094726
42.743132 41.161104 16.095764
42.753817 41.149365 16.096818
42.764494 41.137619 16.097887
42.775163 41.125867 16.098970
42.785825 41.114107 16.100068
42.796479 41.102340 16.101182
42.807125 41.090566 16.102309
42.817763 41.078785 16.103452
42.828393 41.066997 16.104610
42.839016 41.055202 16.105782
42.849631 41.043400 16.106969
42.860238 41.031591 16.108171
42.870837 41.019775 16.109388
42.881428 41.007952 16.110620
42.892012 40.996122 16.111866
42.902587 40.984285 16.113128
42.913155 40.972441 16.114404
42.923715 40.960590 16.115695
42.934268 40.948732 16.117001
42.944812 40.936867 16.118321
42.955349 40.924995 16.119657
42.965877 40.913116 16.121007
42.976398 40.901230 16.122372
42.986911 40.889337 16.123752
42.997416 40.877437 16.125147
43.007913 40.865531 16.126556
43.018403 40.853617 16.127981
43.028884 40.841696 16.129420
43.039358 40.829769 16.130874
43.049823 40.817834 16.132342
43.060281 40.805893 16.133826
43.070731 40.793944 16.135325
43.081173 40.781989 16.136838
43.091607 40.770027 16.138366
43.102033 40.758058 16.139909
43.112451 40.746082 16.141466
43.122862 40.734099 16.143039
43.133264 40.722110 16.144626
43.143658 40.710113 16.146228
43.154045 40.698110 16.147845
43.164424 40.686099 16.149477
43.174794 40.674082 16.151124
43.185157 40.662058 16.152785
43.195512 40.650027 16.154461
43.205858 40.637990 16.156152
43.216197 40.625945 16.157858
43.226528 40.613894 16.159578
43.236851 40.601836 16.161314
43.247166 40.589770 16.163064
43.257473 40.577699 16.164829
43.267772 40.565620 16.166609
43.278062 40.553534 16.168403
43.288345 40.541442 16.170212
43.298620 40.529343 16.172037
43.308887 40.517237 16.173876
43.319146 40.505125 16.175729
43.329397 40.493005 16.177598
43.339640 40.480879 16.179481
43.349875 40.468746 16.181379
43.360102 40.456606 16.183292
43.370320 40.444460 16.185220
43.380531 40.432306 16.187163
43.390734 40.420146 16.189120
43.400928 40.407979 16.191092
43.411115 40.395806 16.193079
43.421294 40.383626 16.195081
43.431464 40.371439 16.197097
43.441627 40.359245 16.199128
43.451781 40.347045 16.201174
43.461927 40.334837 16.203235
43.472066 40.322624 16.205311
43.482196 40.310403 16.207401
43.492318 40.298176 16.209506
43.502432 40.285942 16.211626
43.512538 40.273701 16.213761
