10000 3
44.332 12.478 43.190
56.724 16.837 26.438
11.053 31.844 57.103
2.826 55.089 42.085
11.864 14.803 73.333
45.799 31.965 22.236
97.085 2.064 0.851
19.934 61.724 18.342
36.934 24.891 38.176
13.933 50.073 35.994
25.256 67.740 7.004
46.285 40.677 13.038
47.025 22.707 30.268
1.543 1.750 96.707
37.554 61.118 1.328
36.850 21.493 41.658
41.789 16.904 41.307
79.391 19.831 0.778
5.444 3.196 91.360
14.901 54.443 30.656
36.960 26.274 36.766
7.631 8.837 83.532
65.220 25.008 9.772
56.856 35.445 7.700
11.762 20.252 67.986
55.366 16.471 28.162
0.793 3.968 95.239
46.739 23.856 29.405
64.583 13.618 21.799
43.074 44.679 12.247
73.591 15.629 10.779
33.710 19.737 46.553
2.560 89.808 7.633
3.046 5.228 91.726
0.220 0.152 99.628
30.903 62.252 6.845
1.468 16.410 82.122
59.570 18.072 22.358
4.176 17.236 78.588
1.532 3.341 95.126
0.233 88.564 11.203
35.948 45.298 18.754
3.690 27.408 68.902
17.722 71.166 11.112
21.033 9.214 69.753
21.273 27.908 50.819
23.243 12.167 64.589
2.083 13.259 84.658
1.548 19.785 78.668
1.778 20.461 77.761
5.313 56.356 38.331
27.412 44.148 28.440
5.960 14.548 79.492
14.127 66.320 19.553
14.746 0.436 84.817
1.321 70.444 28.236
6.076 47.404 46.519
7.774 26.276 65.950
57.660 40.744 1.596
22.563 6.799 70.638
25.520 38.071 36.409
66.213 10.846 22.941
43.164 49.380 7.456
88.627 3.090 8.283
17.862 6.855 75.283
1.044 2.203 96.753
0.150 1.581 98.270
23.699 13.696 62.606
1.565 15.089 83.346
12.265 72.412 15.323
39.262 20.392 40.345
24.739 11.209 64.052
53.066 9.939 36.995
11.491 1.208 87.301
5.719 92.965 1.315
19.278 50.893 29.829
18.740 12.841 68.419
0.176 1.314 98.511
71.523 10.013 18.464
4.657 16.212 79.131
37.507 59.770 2.722
14.058 39.996 45.946
57.038 38.356 4.605
8.894 5.227 85.879
61.235 6.242 32.524
82.798 7.945 9.256
7.645 0.909 91.446
17.550 13.503 68.947
60.262 9.678 30.061
1.209 39.051 59.740
4.971 84.619 10.410
72.488 7.602 19.910
1.439 1.741 96.820
31.374 61.829 6.796
48.231 40.709 11.060
9.154 22.583 68.264
49.379 0.000 50.621
15.232 2.813 81.954
54.598 28.507 16.895
3.148 12.682 84.170
33.718 16.036 50.246
19.732 19.954 60.314
28.200 53.055 18.744
13.992 67.327 18.680
15.967 26.496 57.537
75.845 4.593 19.562
12.317 82.065 5.618
2.360 16.156 81.484
43.507 19.483 37.010
27.002 36.546 36.451
9.806 57.121 33.073
36.211 7.656 56.133
0.252 6.777 92.972
63.655 15.580 20.765
23.502 47.448 29.051
21.228 26.003 52.770
49.321 6.576 44.102
9.212 3.963 86.825
45.083 17.647 37.269
0.505 1.109 98.386
7.800 56.597 35.603
28.673 8.868 62.459
1.687 0.260 98.053
24.516 10.955 64.528
6.189 5.033 88.778
4.734 59.767 35.499
13.517 19.779 66.704
52.532 14.920 32.548
5.860 5.993 88.147
40.386 21.859 37.754
22.040 8.586 69.375
2.820 0.836 96.344
49.832 44.107 6.061
3.340 30.157 66.503
2.664 0.935 96.402
7.086 90.347 2.567
12.795 22.380 64.824
22.292 34.235 43.474
58.622 8.195 33.183
44.877 26.735 28.388
51.597 12.135 36.268
66.861 21.808 11.332
4.853 66.615 28.532
1.229 2.055 96.716
19.164 1.939 78.896
21.757 10.586 67.656
94.724 4.745 0.531
59.414 11.661 28.925
14.214 73.316 12.470
3.894 59.673 36.433
3.510 16.580 79.910
53.090 11.801 35.108
63.017 6.849 30.134
11.880 11.079 77.041
7.383 1.739 90.878
14.305 43.900 41.795
40.064 11.915 48.021
49.881 19.396 30.723
27.779 2.716 69.506
5.093 37.712 57.195
2.607 5.047 92.346
90.501 4.912 4.587
15.319 65.110 19.572
15.521 10.548 73.931
64.541 11.419 24.039
5.037 1.885 93.078
76.785 17.282 5.933
17.853 72.885 9.262
6.457 92.694 0.848
37.644 25.395 36.961
4.966 9.665 85.369
2.427 14.727 82.846
6.280 16.786 76.934
0.455 79.723 19.822
18.654 6.389 74.957
54.542 13.523 31.935
23.228 36.778 39.995
32.423 65.539 2.039
26.383 15.699 57.918
10.162 25.691 64.147
2.755 11.375 85.870
0.186 7.547 92.267
35.800 37.215 26.984
7.201 45.129 47.670
49.506 19.841 30.653
38.308 5.278 56.413
6.104 28.632 65.264
11.470 49.512 39.018
27.099 12.609 60.292
15.300 20.547 64.153
14.546 20.870 64.583
25.393 26.351 48.256
14.284 68.000 17.716
12.369 14.750 72.881
9.050 9.591 81.359
24.178 34.088 41.734
24.130 48.449 27.421
33.350 17.439 49.211
3.754 66.289 29.957
15.035 2.635 82.330
10.175 32.221 57.604
28.041 44.007 27.952
4.997 81.459 13.544
50.235 42.605 7.160
72.306 7.942 19.752
53.027 38.364 8.609
5.884 1.651 92.465
30.757 26.395 42.848
33.702 60.539 5.759
7.891 2.757 89.352
0.211 9.716 90.072
32.831 8.930 58.238
34.735 2.721 62.545
6.947 54.557 38.496
25.172 38.718 36.110
37.571 7.807 54.622
54.315 41.540 4.144
90.321 6.172 3.507
39.654 12.771 47.575
4.143 2.358 93.500
13.874 24.787 61.339
35.906 6.628 57.466
40.182 12.768 47.050
21.997 16.218 61.785
3.997 27.254 68.749
6.510 10.422 83.068
42.384 39.018 18.598
12.065 13.372 74.563
1.859 8.691 89.450
3.915 2.000 94.086
42.609 56.305 1.086
71.275 13.414 15.311
3.393 19.523 77.084
0.609 5.009 94.382
5.947 74.973 19.080
16.809 69.559 13.633
0.445 24.092 75.463
9.688 15.939 74.374
13.646 35.180 51.173
20.396 19.095 60.509
9.061 35.258 55.681
20.122 34.860 45.018
19.323 44.814 35.862
32.685 6.311 61.003
7.475 1.790 90.735
32.048 58.644 9.308
9.723 75.374 14.902
71.384 4.091 24.525
31.424 0.972 67.605
7.955 20.793 71.252
72.298 13.526 14.176
1.584 5.872 92.544
23.491 39.612 36.897
2.162 15.493 82.345
11.725 26.243 62.032
53.398 42.766 3.836
0.054 0.010 99.936
33.236 41.193 25.571
39.051 15.791 45.158
1.439 1.341 97.220
5.204 61.433 33.363
1.185 61.934 36.882
41.798 56.255 1.947
22.943 25.288 51.769
26.758 21.968 51.274
21.231 14.595 64.174
43.279 3.381 53.340
34.403 1.019 64.577
42.446 52.751 4.804
28.952 7.261 63.787
24.314 4.486 71.200
5.712 28.319 65.969
65.591 15.155 19.254
11.038 54.495 34.468
2.107 13.735 84.158
12.034 15.717 72.250
24.443 6.875 68.682
3.008 8.107 88.885
30.002 49.017 20.981
1.149 22.921 75.930
11.179 0.794 88.028
37.007 0.415 62.578
1.923 6.637 91.440
0.868 25.674 73.458
61.438 15.851 22.712
36.063 3.471 60.466
87.180 8.184 4.636
7.741 61.789 30.470
37.053 47.184 15.763
50.604 8.569 40.828
73.265 1.829 24.906
12.220 3.271 84.509
15.913 51.682 32.405
31.788 31.435 36.778
0.650 34.199 65.151
8.250 6.490 85.260
54.713 23.115 22.172
15.229 69.508 15.262
54.394 27.912 17.695
6.650 21.061 72.289
41.267 40.205 18.528
19.717 6.748 73.534
44.745 32.592 22.663
4.118 5.593 90.289
13.601 10.429 75.970
16.425 10.438 73.138
17.862 8.310 73.827
3.884 54.336 41.780
16.377 38.996 44.627
78.875 9.726 11.399
15.925 22.111 61.965
4.307 18.301 77.392
17.030 0.570 82.400
45.960 23.629 30.412
8.605 35.672 55.724
54.839 21.616 23.545
19.006 76.468 4.526
13.269 23.222 63.509
74.290 5.726 19.984
22.237 30.026 47.737
16.593 12.671 70.736
26.099 54.640 19.260
20.578 7.710 71.712
1.250 37.514 61.235
31.155 59.027 9.818
37.776 59.269 2.954
18.318 8.367 73.315
16.281 24.387 59.331
6.734 11.498 81.768
17.284 7.140 75.576
29.726 6.765 63.509
0.799 0.119 99.081
0.503 22.126 77.371
30.570 19.139 50.291
6.394 67.928 25.678
61.257 24.229 14.515
15.653 29.032 55.315
48.385 25.168 26.447
3.857 2.408 93.735
22.385 8.213 69.402
24.944 58.237 16.819
28.735 10.231 61.034
4.353 0.182 95.465
48.896 3.641 47.462
6.692 75.592 17.716
8.462 13.853 77.685
36.119 30.475 33.406
7.660 12.226 80.114
53.820 28.098 18.082
11.047 75.800 13.153
19.847 76.957 3.195
15.837 72.475 11.689
10.874 19.791 69.335
6.283 92.411 1.306
44.673 5.890 49.437
48.122 49.677 2.200
37.029 24.124 38.847
2.452 2.953 94.595
16.711 24.235 59.053
26.102 6.354 67.544
22.577 5.366 72.057
39.577 37.381 23.041
3.373 4.476 92.151
9.861 32.892 57.247
2.500 5.426 92.074
2.866 6.387 90.747
23.338 26.297 50.365
29.600 0.692 69.707
34.760 28.450 36.790
69.476 20.694 9.830
1.701 15.551 82.748
87.698 7.385 4.917
15.969 50.537 33.494
23.484 4.548 71.969
16.425 54.475 29.099
14.717 30.579 54.704
69.868 19.160 10.971
31.284 11.387 57.329
55.507 43.648 0.845
45.598 23.941 30.461
37.702 13.179 49.120
6.683 12.232 81.085
0.060 0.554 99.387
39.712 31.903 28.385
14.848 19.094 66.057
17.845 4.763 77.392
24.113 3.931 71.957
61.839 5.945 32.215
40.820 16.451 42.729
76.852 2.280 20.869
62.918 32.092 4.990
3.630 42.920 53.450
11.658 3.314 85.028
6.302 8.103 85.595
2.123 42.895 54.982
17.349 73.550 9.101
15.960 60.663 23.377
13.428 45.003 41.569
27.818 55.348 16.834
40.205 22.874 36.921
2.489 47.629 49.883
10.289 0.988 88.723
56.023 14.243 29.734
32.837 19.032 48.131
0.452 6.649 92.898
51.313 20.305 28.382
76.545 2.965 20.490
76.562 5.774 17.664
6.207 64.638 29.154
22.464 5.265 72.271
0.585 14.997 84.417
57.083 31.021 11.896
34.860 31.759 33.381
7.632 3.391 88.977
44.269 52.063 3.668
10.732 35.387 53.880
32.886 1.719 65.395
8.597 3.458 87.945
55.450 41.422 3.128
39.703 34.219 26.078
4.572 0.716 94.711
42.351 16.681 40.968
24.038 32.223 43.739
2.524 86.871 10.605
20.199 17.129 62.673
47.963 10.877 41.160
33.012 13.611 53.377
3.960 29.094 66.945
0.415 17.552 82.034
0.152 0.400 99.448
3.745 1.041 95.215
33.200 19.591 47.209
6.071 19.842 74.087
11.721 9.734 78.545
23.208 3.231 73.562
18.312 32.841 48.848
12.364 44.370 43.266
14.183 21.359 64.458
8.676 14.072 77.252
76.283 18.815 4.901
5.367 5.373 89.261
4.862 19.696 75.442
10.544 28.977 60.479
86.591 1.684 11.725
24.998 18.390 56.612
26.965 64.529 8.506
25.025 13.806 61.168
2.283 3.488 94.229
41.263 36.901 21.836
41.976 34.632 23.392
18.879 24.293 56.829
10.112 81.288 8.600
62.137 19.833 18.030
34.778 1.160 64.061
7.648 34.434 57.918
16.767 0.668 82.565
2.579 0.437 96.985
39.947 42.386 17.667
58.441 2.859 38.701
6.129 0.783 93.088
41.462 29.765 28.773
75.349 13.597 11.054
39.428 54.963 5.609
7.043 11.329 81.628
60.412 0.696 38.893
35.108 20.161 44.731
0.586 96.320 3.095
8.492 84.635 6.873
11.148 6.001 82.852
14.639 20.991 64.370
9.298 33.699 57.002
32.412 32.620 34.968
1.282 40.440 58.278
29.765 0.463 69.771
1.715 42.879 55.406
25.345 7.404 67.251
44.174 1.278 54.549
31.328 7.311 61.361
16.695 16.311 66.994
68.491 26.031 5.478
18.341 41.781 39.879
38.416 37.410 24.174
1.142 1.940 96.918
39.836 5.582 54.582
8.305 5.757 85.937
25.200 25.464 49.336
17.953 1.902 80.145
25.424 11.695 62.880
68.688 1.355 29.957
5.459 1.490 93.051
72.256 15.424 12.320
0.152 0.025 99.823
5.325 20.328 74.346
22.758 4.169 73.074
28.126 53.728 18.146
23.950 4.820 71.230
53.139 23.069 23.792
62.456 34.834 2.710
14.899 27.894 57.207
9.148 18.837 72.015
32.388 7.726 59.886
29.305 8.394 62.300
22.716 9.926 67.357
1.774 21.801 76.424
8.915 37.882 53.203
69.600 22.215 8.185
35.034 19.405 45.561
22.109 12.115 65.777
24.609 62.452 12.940
31.582 49.203 19.214
13.397 20.335 66.268
2.532 3.773 93.695
23.817 2.170 74.013
5.827 13.460 80.712
49.435 13.298 37.266
6.484 4.685 88.830
4.657 73.678 21.665
54.719 39.312 5.969
0.509 6.458 93.033
2.467 2.422 95.111
31.434 14.985 53.581
2.639 2.125 95.236
64.076 10.319 25.605
46.021 4.514 49.464
14.803 5.705 79.492
45.438 22.380 32.182
7.707 39.356 52.937
1.195 1.735 97.070
10.227 31.489 58.284
43.462 38.624 17.914
42.893 32.347 24.760
3.308 52.623 44.069
17.445 9.937 72.619
1.367 56.203 42.430
18.695 15.373 65.932
4.665 47.519 47.816
58.315 0.662 41.023
3.866 2.513 93.622
37.270 5.417 57.314
39.680 15.711 44.609
18.864 13.611 67.525
65.987 30.265 3.748
7.894 38.000 54.106
9.196 75.880 14.924
35.421 35.849 28.730
9.808 56.756 33.436
35.297 22.963 41.740
6.444 7.409 86.148
0.557 0.982 98.462
6.835 0.023 93.142
47.224 23.575 29.200
6.183 21.012 72.805
18.445 71.709 9.845
12.566 85.285 2.149
2.127 17.954 79.919
18.550 27.134 54.317
20.140 24.912 54.949
3.316 11.620 85.064
19.531 0.364 80.105
0.401 9.396 90.204
1.326 76.823 21.851
71.674 22.558 5.768
46.401 8.978 44.621
21.237 5.915 72.848
18.015 12.699 69.286
10.723 50.339 38.939
0.133 39.517 60.350
49.169 33.127 17.704
57.299 3.964 38.737
2.446 18.551 79.003
0.597 32.375 67.028
5.404 3.541 91.055
42.096 53.860 4.044
11.283 2.068 86.648
4.481 19.891 75.628
0.639 24.133 75.228
28.261 13.217 58.522
20.555 6.665 72.781
18.193 57.603 24.204
7.884 20.779 71.337
11.791 48.644 39.564
1.355 78.616 20.029
4.724 24.006 71.270
9.668 50.811 39.521
2.984 6.263 90.753
20.210 38.059 41.731
7.269 66.104 26.627
5.035 18.284 76.681
7.921 30.615 61.464
19.479 2.125 78.396
32.166 48.076 19.758
11.175 57.141 31.684
50.270 5.738 43.992
20.369 47.925 31.706
77.122 17.217 5.661
20.507 21.340 58.153
31.270 20.594 48.137
48.527 15.471 36.003
72.343 19.436 8.222
14.880 80.478 4.642
3.452 83.218 13.330
12.353 20.384 67.263
86.028 12.897 1.074
24.667 32.918 42.415
38.771 2.987 58.242
5.415 5.001 89.584
21.196 52.857 25.947
57.999 11.348 30.653
19.408 12.710 67.882
20.585 40.247 39.167
31.220 20.246 48.534
20.554 60.240 19.205
61.866 19.914 18.220
22.664 31.519 45.817
26.187 21.959 51.854
1.215 9.964 88.821
17.969 43.749 38.282
4.429 3.667 91.903
29.005 3.891 67.104
50.464 20.675 28.861
28.831 61.391 9.778
55.525 35.622 8.853
30.427 27.552 42.021
33.553 13.875 52.571
26.014 69.793 4.193
53.781 35.064 11.155
35.947 17.307 46.745
33.989 16.224 49.788
5.687 36.905 57.408
25.661 6.533 67.806
10.925 71.905 17.170
18.751 4.065 77.184
14.783 3.418 81.799
86.585 2.089 11.325
46.121 18.059 35.820
11.320 2.685 85.995
52.367 31.775 15.857
13.561 2.202 84.237
41.481 8.338 50.182
9.189 3.549 87.262
79.880 8.819 11.301
46.953 30.015 23.032
8.681 62.733 28.587
6.695 38.744 54.561
31.461 10.871 57.668
9.671 10.648 79.681
13.181 33.250 53.569
13.608 22.147 64.245
48.331 7.234 44.435
11.003 8.401 80.596
47.049 0.242 52.709
20.276 6.559 73.165
24.068 15.295 60.637
57.281 19.595 23.124
31.577 1.417 67.006
6.875 59.209 33.915
1.618 66.429 31.953
58.321 32.136 9.543
3.305 39.958 56.737
17.667 34.770 47.563
0.585 4.069 95.346
66.606 14.869 18.525
42.103 13.087 44.810
6.984 39.133 53.883
23.291 65.575 11.133
0.144 85.726 14.130
0.843 1.525 97.632
35.299 5.602 59.099
51.778 35.581 12.641
3.982 3.724 92.294
38.262 18.289 43.449
35.851 63.048 1.102
4.740 1.984 93.277
27.553 7.641 64.806
50.301 21.463 28.236
9.464 38.331 52.205
24.271 44.579 31.150
18.536 0.663 80.801
33.017 57.950 9.033
31.786 8.856 59.359
15.538 33.261 51.201
10.618 3.643 85.739
7.282 7.904 84.814
56.520 21.583 21.897
30.341 44.884 24.775
17.224 64.892 17.884
28.170 6.994 64.837
26.581 66.650 6.769
50.261 42.979 6.760
50.731 6.964 42.305
4.785 20.704 74.511
95.196 3.528 1.276
2.382 87.434 10.184
65.611 12.047 22.343
1.127 0.112 98.761
19.487 77.217 3.296
73.451 8.223 18.326
2.926 68.475 28.599
2.718 34.410 62.871
10.791 40.175 49.034
27.040 38.635 34.324
9.322 5.251 85.427
8.431 40.700 50.868
20.488 1.275 78.237
20.683 11.026 68.291
25.694 19.391 54.915
29.403 9.249 61.348
9.494 53.567 36.940
10.731 27.356 61.913
6.748 34.894 58.357
25.734 73.399 0.867
51.011 31.279 17.710
19.607 29.821 50.572
59.402 5.334 35.264
74.713 10.504 14.783
30.240 32.399 37.361
19.179 17.877 62.944
24.288 35.898 39.814
29.310 15.067 55.623
32.616 15.191 52.193
29.410 12.480 58.110
6.835 18.297 74.868
7.473 3.599 88.928
49.365 39.899 10.736
78.205 21.618 0.177
14.793 21.771 63.436
19.057 44.312 36.631
29.618 26.402 43.980
21.736 7.892 70.373
7.715 34.623 57.662
27.812 14.273 57.915
6.715 0.182 93.103
12.646 70.697 16.657
12.910 1.770 85.321
5.556 26.891 67.553
3.531 21.756 74.712
51.894 7.263 40.843
12.181 54.032 33.787
1.780 6.429 91.791
4.090 12.332 83.578
55.926 20.880 23.194
23.948 4.519 71.532
36.487 1.826 61.687
47.040 20.101 32.859
5.635 9.826 84.539
39.392 53.509 7.099
12.743 43.267 43.989
27.393 40.746 31.861
3.904 10.220 85.876
3.268 11.139 85.592
57.814 32.701 9.485
22.425 76.339 1.236
30.976 3.531 65.493
22.090 55.250 22.660
43.053 18.091 38.856
44.357 29.897 25.745
72.923 13.517 13.559
12.537 11.478 75.985
5.592 28.360 66.048
10.527 44.990 44.484
4.325 11.414 84.262
0.607 45.140 54.253
16.760 24.116 59.124
16.416 4.971 78.613
21.029 33.593 45.378
14.046 22.302 63.652
1.778 59.601 38.621
0.474 2.938 96.588
0.504 34.070 65.426
2.752 5.391 91.858
32.324 34.252 33.424
19.753 63.334 16.913
24.022 37.738 38.240
19.624 50.874 29.502
23.814 2.081 74.105
17.088 34.552 48.360
53.890 1.015 45.094
7.202 63.622 29.176
5.551 70.653 23.795
11.323 20.974 67.702
22.937 22.743 54.320
7.856 90.246 1.898
18.139 35.320 46.541
22.846 42.198 34.956
0.438 41.165 58.397
43.172 5.712 51.115
81.733 5.101 13.166
4.925 48.961 46.113
7.938 43.486 48.576
40.348 15.483 44.169
12.737 42.638 44.624
56.781 19.854 23.365
38.890 34.128 26.981
48.961 29.743 21.296
0.797 6.335 92.868
40.737 16.400 42.863
8.041 35.728 56.230
46.954 10.943 42.103
24.415 16.391 59.194
0.051 0.031 99.918
10.650 42.822 46.529
7.452 22.997 69.552
24.073 25.804 50.124
31.830 56.415 11.756
9.096 10.616 80.288
2.127 6.424 91.449
4.098 25.157 70.745
13.406 28.832 57.762
13.076 12.690 74.233
5.938 14.641 79.421
20.164 24.268 55.568
29.864 12.944 57.192
10.847 10.134 79.019
12.596 1.989 85.415
54.623 8.468 36.909
15.381 0.211 84.408
35.606 48.076 16.318
12.838 11.503 75.658
27.219 22.059 50.722
41.478 36.884 21.638
7.582 38.952 53.465
3.111 94.719 2.170
14.522 5.502 79.977
12.159 38.660 49.181
1.415 83.054 15.531
52.655 35.620 11.725
3.686 60.805 35.508
11.510 15.328 73.162
7.821 57.223 34.956
2.322 5.326 92.352
5.962 19.652 74.386
7.095 2.152 90.753
4.030 57.328 38.643
26.355 16.343 57.302
27.619 16.626 55.754
2.565 4.518 92.917
17.627 9.791 72.582
0.935 32.516 66.549
6.061 59.725 34.214
92.204 3.170 4.627
25.321 10.734 63.945
11.707 2.527 85.766
8.497 0.826 90.677
11.668 25.702 62.630
11.354 67.939 20.707
16.804 0.381 82.815
81.585 17.713 0.702
39.135 30.222 30.644
0.852 30.396 68.752
6.942 31.338 61.721
12.125 47.484 40.391
43.336 4.538 52.126
60.042 13.483 26.475
64.181 1.654 34.165
26.622 43.653 29.725
14.360 45.157 40.483
61.253 21.846 16.901
1.742 69.787 28.471
3.216 83.362 13.422
3.211 89.974 6.815
22.062 60.640 17.298
32.894 31.030 36.076
16.259 4.430 79.312
19.423 55.424 25.153
40.247 13.490 46.263
2.984 1.481 95.535
70.913 14.905 14.182
31.501 33.311 35.188
1.519 10.114 88.366
33.656 52.360 13.984
2.155 0.702 97.143
1.497 15.996 82.507
36.145 7.634 56.221
3.050 70.808 26.142
33.821 35.694 30.485
2.071 1.604 96.326
6.935 2.928 90.136
2.977 6.236 90.786
28.541 63.417 8.042
1.556 93.723 4.721
0.966 3.849 95.184
23.168 52.100 24.732
4.776 74.182 21.043
8.996 3.617 87.387
47.348 36.810 15.842
14.813 10.850 74.337
41.310 57.206 1.483
27.463 6.711 65.825
10.557 41.358 48.085
37.291 38.252 24.458
33.258 63.773 2.969
10.249 58.625 31.126
2.152 8.850 88.998
32.711 22.329 44.960
49.448 31.460 19.092
25.372 65.457 9.171
67.266 8.853 23.881
2.807 22.511 74.682
30.660 30.065 39.274
17.455 19.161 63.384
30.542 18.580 50.877
35.042 22.024 42.933
35.023 22.837 42.140
63.783 1.265 34.953
36.287 20.658 43.056
56.006 15.520 28.474
53.046 20.592 26.362
25.475 53.949 20.576
0.983 50.978 48.039
13.197 30.802 56.001
19.607 1.350 79.043
9.528 2.777 87.695
62.191 12.698 25.111
60.776 9.102 30.122
14.572 3.883 81.545
68.967 3.816 27.216
27.925 52.262 19.813
33.931 59.209 6.861
27.109 20.017 52.873
27.155 29.079 43.767
10.176 13.750 76.073
8.978 88.403 2.618
53.154 16.325 30.522
14.792 1.807 83.401
13.905 0.298 85.797
11.464 47.858 40.678
6.270 4.884 88.845
0.577 0.558 98.865
14.517 9.492 75.991
10.232 54.595 35.173
2.937 2.162 94.900
27.579 20.119 52.303
20.902 45.735 33.363
41.242 46.181 12.577
61.201 36.977 1.822
20.384 24.094 55.522
13.320 20.238 66.442
11.293 18.008 70.699
13.285 7.034 79.681
49.844 2.458 47.697
39.161 55.672 5.167
20.098 4.757 75.146
12.953 3.225 83.822
68.818 20.565 10.617
18.674 43.303 38.023
2.202 4.472 93.326
21.846 17.395 60.759
8.035 70.537 21.427
8.302 5.071 86.627
12.318 21.759 65.923
0.638 7.855 91.507
19.188 37.958 42.854
74.974 7.173 17.853
34.314 49.801 15.885
16.396 11.162 72.442
43.198 5.860 50.941
1.242 5.320 93.439
2.346 2.735 94.919
65.808 0.512 33.680
12.800 86.922 0.278
23.463 19.458 57.079
16.999 15.561 67.440
2.313 2.763 94.925
39.163 34.082 26.756
36.989 3.945 59.066
16.278 51.626 32.096
11.827 29.361 58.812
10.094 2.134 87.771
70.567 11.064 18.369
13.221 6.039 80.740
48.189 10.013 41.798
19.764 40.250 39.985
54.999 22.744 22.257
1.274 3.832 94.894
29.281 28.219 42.500
19.758 25.696 54.546
18.225 18.364 63.411
13.183 7.054 79.763
1.463 50.977 47.560
5.178 24.999 69.823
27.987 57.486 14.527
6.050 58.255 35.694
16.185 8.813 75.002
16.859 1.489 81.652
40.230 19.345 40.425
17.350 15.464 67.186
27.997 16.902 55.101
6.835 22.112 71.053
47.028 5.311 47.661
3.545 67.106 29.350
38.720 12.554 48.726
25.052 5.466 69.481
23.943 4.412 71.645
36.688 51.407 11.905
5.793 90.997 3.211
22.702 15.755 61.544
58.162 40.614 1.224
27.270 12.059 60.671
31.219 23.061 45.720
66.427 8.322 25.251
17.725 41.444 40.831
1.521 61.952 36.528
24.380 61.536 14.084
73.916 16.336 9.748
20.206 69.741 10.053
46.068 42.002 11.930
12.327 62.486 25.187
34.643 14.827 50.529
15.488 3.738 80.773
28.250 66.885 4.865
7.084 12.106 80.810
50.532 27.263 22.205
44.168 4.075 51.756
29.168 20.471 50.362
46.357 42.665 10.978
20.591 50.700 28.709
8.741 30.484 60.775
3.847 86.708 9.445
6.403 38.734 54.863
39.795 29.161 31.043
44.681 21.105 34.214
9.189 75.152 15.659
4.269 16.639 79.092
67.145 20.339 12.516
3.428 22.397 74.175
22.706 18.286 59.008
53.399 12.964 33.638
9.064 9.464 81.472
1.126 15.788 83.087
9.999 82.524 7.477
52.959 1.871 45.170
84.459 4.021 11.521
34.276 39.906 25.819
8.021 25.983 65.996
29.288 22.798 47.914
23.492 57.221 19.288
55.633 15.070 29.298
0.804 26.263 72.933
17.793 30.197 52.010
20.335 0.033 79.632
8.719 71.688 19.593
15.131 50.798 34.071
12.478 38.149 49.373
11.466 10.153 78.381
1.144 2.299 96.558
2.166 3.730 94.104
18.188 24.758 57.054
0.223 97.198 2.579
30.578 23.523 45.900
2.015 52.381 45.604
1.789 0.112 98.099
0.717 31.068 68.215
6.737 4.426 88.836
7.061 17.415 75.524
15.463 64.642 19.895
9.459 5.095 85.446
16.850 13.989 69.161
7.485 43.344 49.171
30.262 19.675 50.063
18.381 20.274 61.345
11.812 10.301 77.886
17.708 50.595 31.697
4.476 5.747 89.776
49.676 10.189 40.135
51.791 32.883 15.326
34.939 17.989 47.072
38.998 16.356 44.646
2.189 16.895 80.917
6.639 2.629 90.732
17.025 8.394 74.581
1.598 5.324 93.078
7.061 20.040 72.900
32.159 8.470 59.371
15.683 1.514 82.803
6.503 1.371 92.126
3.651 8.196 88.153
0.071 2.761 97.168
45.380 53.527 1.093
46.251 32.905 20.844
3.267 24.911 71.822
18.493 68.720 12.787
7.169 64.251 28.581
12.098 26.731 61.171
5.775 24.356 69.869
0.666 2.066 97.269
14.322 5.054 80.624
6.290 77.453 16.257
3.693 1.990 94.317
64.016 24.885 11.100
24.711 2.459 72.829
29.606 4.037 66.356
21.718 52.317 25.965
62.774 28.357 8.869
24.277 33.213 42.509
17.771 20.075 62.154
37.238 8.118 54.643
50.132 48.522 1.346
12.416 79.902 7.682
11.154 33.195 55.651
6.850 36.221 56.929
37.509 7.396 55.095
30.746 5.699 63.555
10.968 20.518 68.514
81.390 7.220 11.390
52.069 18.337 29.594
25.649 57.861 16.489
1.603 0.469 97.928
47.561 1.113 51.326
45.320 2.844 51.836
17.225 27.252 55.522
29.290 10.744 59.966
8.390 36.625 54.985
12.390 59.176 28.434
12.394 26.298 61.309
1.330 28.221 70.449
5.431 21.251 73.318
3.191 1.557 95.251
5.271 42.090 52.638
25.842 10.865 63.292
2.157 2.650 95.193
75.333 20.187 4.480
1.580 28.014 70.406
29.092 24.525 46.382
9.318 40.540 50.142
36.915 13.804 49.281
0.337 0.567 99.097
0.201 4.877 94.922
37.767 13.629 48.604
30.493 43.640 25.867
74.015 0.224 25.761
4.323 13.380 82.296
32.019 8.345 59.636
31.161 35.705 33.134
28.667 34.802 36.531
42.646 8.927 48.427
66.741 7.098 26.160
30.441 59.802 9.757
43.404 6.030 50.566
24.067 70.287 5.646
2.577 79.716 17.707
48.093 43.108 8.798
1.503 6.935 91.562
1.687 16.276 82.037
21.449 57.921 20.631
86.414 3.756 9.830
0.933 2.344 96.722
42.233 55.469 2.298
23.127 11.014 65.859
14.501 16.970 68.529
20.410 16.340 63.250
40.664 53.217 6.119
1.343 4.535 94.122
37.211 58.993 3.797
19.754 47.911 32.334
0.940 95.046 4.013
37.202 4.120 58.678
27.055 50.587 22.358
34.448 54.923 10.630
18.354 10.947 70.699
30.224 4.204 65.572
1.547 17.567 80.886
6.043 64.721 29.237
5.380 18.674 75.945
43.137 5.525 51.338
6.207 8.200 85.592
53.490 6.317 40.193
12.705 34.351 52.944
1.126 0.611 98.263
33.174 37.476 29.350
29.103 20.438 50.459
89.797 6.049 4.154
5.998 6.903 87.100
24.648 9.047 66.305
2.358 4.249 93.393
22.121 33.206 44.673
11.728 0.962 87.310
43.893 32.140 23.966
5.083 57.175 37.742
4.467 12.440 83.093
11.129 4.069 84.802
32.167 14.984 52.849
47.539 18.326 34.135
6.982 53.163 39.854
35.427 17.413 47.160
56.143 30.319 13.538
0.798 0.154 99.048
19.152 77.736 3.113
49.889 23.734 26.377
73.791 24.863 1.346
15.055 48.646 36.299
16.240 61.661 22.098
0.051 0.849 99.100
71.156 20.454 8.390
2.920 1.038 96.042
14.325 47.704 37.971
44.957 10.697 44.346
3.991 72.805 23.203
2.072 26.707 71.221
37.360 10.465 52.174
3.436 37.809 58.754
16.745 15.388 67.867
61.448 6.956 31.596
66.660 1.027 32.313
70.022 20.673 9.305
0.018 27.394 72.588
4.561 0.246 95.193
39.069 5.439 55.492
15.655 60.770 23.576
6.564 5.595 87.841
18.733 43.961 37.306
8.991 1.815 89.193
81.507 1.046 17.447
60.019 6.038 33.943
47.952 15.074 36.973
9.614 80.776 9.610
37.914 1.724 60.363
2.489 9.307 88.205
15.784 23.246 60.970
22.168 20.283 57.549
5.776 16.179 78.045
56.445 34.067 9.488
2.954 11.766 85.281
18.048 50.210 31.742
4.196 3.058 92.746
25.750 73.878 0.372
36.342 9.561 54.097
64.773 15.491 19.736
42.229 56.813 0.958
14.148 79.131 6.720
9.128 14.578 76.293
32.543 1.217 66.240
7.251 4.066 88.684
17.024 28.177 54.799
31.397 9.193 59.410
1.364 19.642 78.994
15.021 0.843 84.136
20.903 53.199 25.898
9.038 9.814 81.149
7.148 20.737 72.115
34.792 17.224 47.984
27.012 4.554 68.435
0.040 1.617 98.343
49.144 3.891 46.965
55.554 43.345 1.102
11.127 41.310 47.563
2.116 4.436 93.448
23.039 66.448 10.514
7.844 2.367 89.789
13.992 53.731 32.276
8.465 33.003 58.531
61.891 6.919 31.190
10.370 1.142 88.488
13.807 66.167 20.026
4.479 78.769 16.752
52.354 15.401 32.246
14.929 45.012 40.059
0.916 0.250 98.834
10.922 7.737 81.341
76.839 0.553 22.608
7.409 59.106 33.485
2.776 50.348 46.876
35.165 12.749 52.086
32.025 2.718 65.258
20.393 60.496 19.111
12.781 17.582 69.637
34.252 16.418 49.330
5.814 11.124 83.062
18.669 19.943 61.388
0.588 24.938 74.474
14.187 0.379 85.434
74.753 23.095 2.152
26.442 44.465 29.093
0.599 16.651 82.751
22.176 4.049 73.775
56.399 10.821 32.780
5.740 71.185 23.075
3.397 17.157 79.446
13.833 10.933 75.234
11.374 0.950 87.677
16.801 41.715 41.484
27.020 72.727 0.253
16.941 0.891 82.168
46.286 15.813 37.901
5.858 11.635 82.507
4.045 39.752 56.203
4.274 55.829 39.897
19.862 73.915 6.223
5.784 9.616 84.600
0.505 3.741 95.755
90.201 4.101 5.698
0.672 1.367 97.961
70.107 25.669 4.224
55.049 40.532 4.419
28.391 26.326 45.283
7.916 22.740 69.344
24.054 44.854 31.092
31.320 26.805 41.874
18.884 14.332 66.784
32.362 34.254 33.384
22.238 36.888 40.873
14.256 69.188 16.556
7.443 0.327 92.230
12.502 84.272 3.226
12.706 1.839 85.455
0.192 2.029 97.778
28.474 4.986 66.540
9.724 17.269 73.006
51.184 28.151 20.664
29.124 5.542 65.334
11.328 84.659 4.013
60.997 2.790 36.213
5.556 22.936 71.508
1.816 1.556 96.628
23.685 4.017 72.298
57.045 1.404 41.551
52.699 12.397 34.904
5.072 3.672 91.256
2.412 83.699 13.889
7.678 6.025 86.297
61.228 18.856 19.916
34.578 32.291 33.131
23.068 71.832 5.100
45.349 7.500 47.151
48.972 25.539 25.489
0.446 9.460 90.094
30.379 17.056 52.565
3.946 47.441 48.613
38.264 6.058 55.678
5.635 43.356 51.009
66.547 6.252 27.201
20.527 10.644 68.828
3.280 24.327 72.393
17.203 82.409 0.388
29.353 34.934 35.713
9.898 7.150 82.952
3.271 11.107 85.623
36.213 33.284 30.503
44.250 26.187 29.563
43.749 12.244 44.008
16.799 2.024 81.176
7.303 1.724 90.973
7.364 41.169 51.466
70.211 28.544 1.245
9.483 4.598 85.919
15.538 8.571 75.890
50.957 29.682 19.361
0.322 43.670 56.008
2.031 27.474 70.495
17.168 34.403 48.430
10.412 41.674 47.914
13.328 31.592 55.080
7.536 2.893 89.572
71.845 25.201 2.954
26.180 66.340 7.480
9.371 69.077 21.552
30.573 9.849 59.578
9.964 25.404 64.632
39.609 39.781 20.609
75.357 1.458 23.185
5.903 20.172 73.925
2.523 70.957 26.521
2.691 1.292 96.017
11.467 10.271 78.262
31.231 13.018 55.751
73.959 1.825 24.216
99.478 0.451 0.070
0.891 0.161 98.947
51.400 0.448 48.152
18.120 33.954 47.926
9.075 25.145 65.780
24.876 2.972 72.152
54.346 3.737 41.917
1.138 6.760 92.102
18.832 41.897 39.271
0.896 21.215 77.889
23.939 35.297 40.764
41.570 15.899 42.531
17.879 18.338 63.784
41.447 13.416 45.137
12.825 23.102 64.074
54.293 44.739 0.967
35.799 63.057 1.144
21.895 32.913 45.192
0.727 12.158 87.115
2.550 50.226 47.224
3.824 5.411 90.765
11.984 65.484 22.532
32.353 48.851 18.796
37.242 23.975 38.783
53.622 0.283 46.095
2.738 34.082 63.179
30.753 52.361 16.886
35.495 16.591 47.914
3.583 7.761 88.656
25.731 73.719 0.549
37.393 21.855 40.751
1.764 61.959 36.277
48.308 32.215 19.477
6.413 34.759 58.827
12.951 45.452 41.597
2.539 30.424 67.037
25.152 46.738 28.111
65.340 0.855 33.805
3.864 5.945 90.191
19.026 26.513 54.460
45.273 15.617 39.109
26.495 62.247 11.258
32.920 24.974 42.106
20.069 28.885 51.045
0.613 3.388 95.999
49.119 28.078 22.803
24.897 34.654 40.449
25.750 2.138 72.112
13.613 3.615 82.772
21.092 39.661 39.247
3.186 40.712 56.102
8.453 33.623 57.924
8.118 9.000 82.882
49.752 48.792 1.456
15.638 18.912 65.450
22.630 4.083 73.287
12.834 11.459 75.707
10.842 0.446 88.711
24.954 9.428 65.618
52.077 3.250 44.673
23.496 5.954 70.550
39.093 36.342 24.564
64.718 8.080 27.201
17.950 47.235 34.816
17.405 4.480 78.115
18.879 60.909 20.212
7.361 8.124 84.515
32.439 12.738 54.823
78.092 2.413 19.495
38.132 6.529 55.339
14.178 22.521 63.301
60.542 25.664 13.794
2.797 24.545 72.658
1.192 2.330 96.478
45.833 8.175 45.991
78.937 15.139 5.924
35.872 7.699 56.429
26.667 20.453 52.879
12.690 12.881 74.429
42.535 22.363 35.102
12.454 35.583 51.964
3.565 26.569 69.866
5.726 4.184 90.091
10.506 12.444 77.050
30.645 7.595 61.760
8.502 31.807 59.691
25.395 62.761 11.844
6.763 14.346 78.890
93.884 0.000 6.116
22.359 7.747 69.893
11.004 37.822 51.173
0.735 2.970 96.295
25.054 17.822 57.125
5.111 5.717 89.172
34.165 0.929 64.907
5.306 26.623 68.072
54.539 35.305 10.157
2.947 6.330 90.722
44.116 10.427 45.457
55.995 15.724 28.282
5.096 2.045 92.859
68.155 18.728 13.117
27.373 24.072 48.555
25.160 18.991 55.849
47.466 40.934 11.600
10.967 10.374 78.658
17.674 23.843 58.483
24.746 13.594 61.660
13.991 50.504 35.505
48.758 2.013 49.229
3.085 6.104 90.811
38.351 48.465 13.184
3.688 78.407 17.905
15.375 64.962 19.663
59.200 8.173 32.627
1.973 1.436 96.591
10.423 34.240 55.336
41.831 9.565 48.604
61.695 18.023 20.283
71.152 12.520 16.327
12.956 3.036 84.008
1.797 71.356 26.847
13.636 31.754 54.610
22.873 44.860 32.267
55.016 31.172 13.813
13.180 3.587 83.233
40.720 5.610 53.670
42.540 23.170 34.291
0.115 0.090 99.796
9.178 62.857 27.964
44.404 12.614 42.982
12.534 33.060 54.405
32.674 16.202 51.125
37.901 28.593 33.506
15.914 0.831 83.254
7.757 75.885 16.358
15.620 6.765 77.615
31.934 15.147 52.919
63.188 1.185 35.627
74.466 2.792 22.742
14.404 11.930 73.666
17.858 6.419 75.723
6.425 29.172 64.403
9.784 10.615 79.601
55.558 4.665 39.778
42.909 35.832 21.259
17.767 4.957 77.276
34.145 7.315 58.541
6.322 52.145 41.533
10.798 19.638 69.564
27.073 69.857 3.070
2.771 0.879 96.350
80.717 13.222 6.061
63.964 6.345 29.691
82.097 10.924 6.980
50.522 17.394 32.084
18.577 25.376 56.047
34.069 20.312 45.619
5.624 51.079 43.297
3.040 15.247 81.713
12.807 5.996 81.198
54.054 6.382 39.564
24.019 30.341 45.640
35.385 14.431 50.185
22.300 30.466 47.233
3.572 3.551 92.877
11.782 33.510 54.707
15.959 2.966 81.075
42.367 15.258 42.375
6.593 29.031 64.376
11.525 4.989 83.486
24.168 32.163 43.669
20.354 18.316 61.330
16.544 37.236 46.220
61.978 18.011 20.011
19.775 22.634 57.591
12.265 60.979 26.756
28.095 14.637 57.268
19.252 13.162 67.586
42.938 2.165 54.897
13.629 38.088 48.283
9.765 16.301 73.934
52.181 25.309 22.510
17.656 2.651 79.693
44.380 36.665 18.955
0.002 1.453 98.544
4.300 6.360 89.340
22.560 52.199 25.242
45.688 5.061 49.251
22.942 11.861 65.197
41.745 24.666 33.589
61.258 30.163 8.579
30.369 31.083 38.548
5.852 11.009 83.139
9.934 18.076 71.990
1.681 15.708 82.611
1.014 14.877 84.109
30.487 51.922 17.591
57.950 41.837 0.214
12.751 1.517 85.733
21.700 50.730 27.570
81.558 10.296 8.145
10.732 31.157 58.110
12.493 58.578 28.928
22.465 38.603 38.932
44.679 30.726 24.595
24.511 43.048 32.441
47.687 31.918 20.396
34.402 27.572 38.026
20.142 19.547 60.311
0.351 2.536 97.113
16.193 56.166 27.641
1.742 44.744 53.514
33.757 3.158 63.085
2.955 6.130 90.915
11.522 11.379 77.099
62.541 18.089 19.370
38.958 57.530 3.513
53.445 13.812 32.743
3.474 5.297 91.229
48.667 42.473 8.860
0.963 18.200 80.837
24.650 0.995 74.355
22.343 14.523 63.134
2.366 91.610 6.024
24.065 9.636 66.298
5.403 4.012 90.585
29.563 1.758 68.679
15.355 69.966 14.679
7.451 8.525 84.024
49.362 43.557 7.080
68.502 15.424 16.074
51.501 43.625 4.874
9.907 60.743 29.350
28.872 5.571 65.557
56.198 10.790 33.012
2.430 0.668 96.902
0.471 74.815 24.714
50.618 22.889 26.493
5.025 3.712 91.263
6.219 11.017 82.763
49.899 37.103 12.998
60.838 29.750 9.412
12.451 18.773 68.777
3.975 10.866 85.159
5.985 5.631 88.385
3.063 26.360 70.577
24.462 26.227 49.312
43.429 2.587 53.984
25.385 9.889 64.727
39.886 41.870 18.244
36.889 3.575 59.536
28.586 71.115 0.299
8.661 9.937 81.402
3.154 31.448 65.398
51.956 4.424 43.620
25.732 6.453 67.815
38.601 14.730 46.669
52.509 27.513 19.977
6.440 18.183 75.378
49.927 8.193 41.881
47.399 34.070 18.531
20.161 67.222 12.616
62.958 29.199 7.843
0.447 3.582 95.972
61.181 15.719 23.099
4.788 33.336 61.876
21.894 17.691 60.414
24.064 0.265 75.671
41.632 47.927 10.440
22.936 0.084 76.980
33.479 23.094 43.428
28.751 51.107 20.142
43.414 8.635 47.951
0.099 1.861 98.041
58.720 20.995 20.286
23.069 55.785 21.146
10.642 38.161 51.198
9.928 16.263 73.809
12.084 80.842 7.074
76.687 3.833 19.480
2.520 45.183 52.297
9.582 13.521 76.897
21.065 69.282 9.653
37.905 23.096 39.000
6.736 87.505 5.759
22.290 21.187 56.523
0.110 1.612 98.279
35.310 6.601 58.089
41.211 26.927 31.861
46.909 24.367 28.724
44.932 35.372 19.697
56.050 25.316 18.635
0.018 2.490 97.491
28.612 67.268 4.120
3.552 49.663 46.785
4.358 23.106 72.536
13.586 51.898 34.516
14.058 32.816 53.127
32.763 1.610 65.627
23.849 10.487 65.664
1.671 2.677 95.651
2.750 88.558 8.692
34.586 65.280 0.134
33.659 6.986 59.355
40.082 12.129 47.789
52.769 40.685 6.546
25.758 0.073 74.169
10.061 0.535 89.404
54.755 42.352 2.893
0.714 36.375 62.911
23.802 65.068 11.130
7.560 29.905 62.535
0.093 13.565 86.343
0.071 10.168 89.761
7.098 21.822 71.081
4.810 4.794 90.396
30.537 26.683 42.781
11.534 40.934 47.533
73.152 1.499 25.349
26.480 12.489 61.031
1.755 18.747 79.498
8.815 55.805 35.380
26.580 4.781 68.639
39.473 12.649 47.877
28.144 24.592 47.264
69.212 11.888 18.900
1.232 30.126 68.642
14.652 29.097 56.252
9.470 31.812 58.718
0.199 4.437 95.364
8.144 38.714 53.142
10.545 82.142 7.312
37.987 17.813 44.200
0.121 3.428 96.451
2.352 63.019 34.629
21.851 18.577 59.572
19.361 35.514 45.125
1.508 70.003 28.489
12.141 15.445 72.414
18.526 13.610 67.864
32.750 22.412 44.838
19.616 30.190 50.194
6.062 21.719 72.219
11.950 8.219 79.830
43.178 19.846 36.976
2.375 9.741 87.884
25.555 51.141 23.304
11.677 18.415 69.909
1.253 67.419 31.327
8.315 3.450 88.235
3.159 23.764 73.077
29.969 59.215 10.816
1.110 1.701 97.189
13.510 77.991 8.499
38.643 22.171 39.186
11.391 6.071 82.537
25.221 30.558 44.221
28.697 27.042 44.261
7.068 33.784 59.148
64.163 17.043 18.793
12.719 46.463 40.819
2.873 2.486 94.641
19.165 3.385 77.450
8.590 0.361 91.049
23.130 6.906 69.964
26.302 8.648 65.050
10.687 19.161 70.153
54.095 15.930 29.975
5.269 72.153 22.578
67.243 25.335 7.422
76.743 16.244 7.013
0.178 15.368 84.454
60.762 10.841 28.397
0.759 1.282 97.958
39.298 9.617 51.085
43.011 38.946 18.043
52.311 23.369 24.320
19.724 27.952 52.324
1.593 2.585 95.822
14.017 43.010 42.973
7.600 32.129 60.271
20.870 0.697 78.433
25.524 34.771 39.705
2.822 5.543 91.635
14.977 42.468 42.555
8.290 25.069 66.640
1.552 0.112 98.337
34.383 40.076 25.541
47.216 38.058 14.725
33.156 49.342 17.502
24.822 21.124 54.054
3.170 14.982 81.848
0.421 23.640 75.939
42.882 50.111 7.007
6.611 50.346 43.043
19.002 23.697 57.302
35.916 27.281 36.802
4.596 6.106 89.297
10.222 9.831 79.946
21.046 49.208 29.746
77.807 9.430 12.763
30.727 32.370 36.903
33.013 47.027 19.959
49.105 33.792 17.103
16.650 28.408 54.942
26.298 55.195 18.506
14.358 27.178 58.464
23.508 2.637 73.855
10.485 71.024 18.491
50.797 35.067 14.136
24.686 7.194 68.120
40.267 34.714 25.019
6.895 24.628 68.477
15.927 16.145 67.928
9.154 17.373 73.473
44.206 18.140 37.654
70.028 6.753 23.218
10.730 10.920 78.350
9.218 27.703 63.079
54.290 15.890 29.820
8.386 56.466 35.148
9.900 64.162 25.938
43.435 17.468 39.097
52.973 29.939 17.087
89.968 0.843 9.189
61.458 0.015 38.527
58.041 37.543 4.416
0.990 2.510 96.500
20.352 21.056 58.592
4.857 1.146 93.997
2.401 10.346 87.252
12.683 19.255 68.062
0.513 1.181 98.306
24.092 15.423 60.485
93.021 3.735 3.244
0.982 5.272 93.747
16.856 7.308 75.835
2.980 22.872 74.148
29.959 14.934 55.107
0.702 5.353 93.945
36.294 24.099 39.607
7.362 38.263 54.375
12.039 18.269 69.692
4.161 14.364 81.475
42.311 12.876 44.813
12.508 30.959 56.532
22.719 4.656 72.625
65.354 1.585 33.061
0.248 2.963 96.789
16.849 20.960 62.191
59.323 40.274 0.403
1.142 0.549 98.309
66.100 2.044 31.855
77.242 15.895 6.864
38.189 11.788 50.023
44.834 8.970 46.196
63.536 0.769 35.694
45.637 9.113 45.250
15.545 18.392 66.063
34.936 15.994 49.071
0.367 0.439 99.194
6.231 39.818 53.951
20.509 14.181 65.310
80.595 15.300 4.105
24.637 63.552 11.811
25.483 2.795 71.722
0.831 0.305 98.865
0.333 7.358 92.309
6.599 0.954 92.447
2.710 20.103 77.187
4.372 43.875 51.753
1.887 23.120 74.993
8.936 33.284 57.781
5.233 90.671 4.096
12.674 7.295 80.032
55.725 16.504 27.772
0.075 71.778 28.147
4.973 0.981 94.046
4.746 9.854 85.400
14.479 73.491 12.030
28.668 0.443 70.888
2.062 11.226 86.712
34.923 37.769 27.308
12.144 3.927 83.929
6.889 11.895 81.216
5.659 46.751 47.591
7.276 20.151 72.573
53.712 5.433 40.855
36.091 63.345 0.565
9.622 57.147 33.232
5.317 12.213 82.470
34.729 59.826 5.445
24.133 3.392 72.475
0.920 5.108 93.973
26.024 36.612 37.364
47.918 5.029 47.053
19.232 44.863 35.905
57.333 28.504 14.164
0.577 0.616 98.807
5.286 53.996 40.718
19.249 24.609 56.142
2.039 8.035 89.926
39.780 51.080 9.140
6.472 29.848 63.680
3.875 2.992 93.133
39.120 16.530 44.349
26.512 44.858 28.629
9.929 60.734 29.337
54.477 38.180 7.343
2.630 17.097 80.273
69.968 19.989 10.044
32.971 8.278 58.751
35.184 61.688 3.128
5.341 24.192 70.467
81.537 7.681 10.782
1.057 9.331 89.611
10.005 80.406 9.589
1.295 13.287 85.418
16.623 40.889 42.488
39.702 37.559 22.739
1.038 0.033 98.929
25.431 16.043 58.525
11.633 30.236 58.132
50.702 43.240 6.058
38.709 18.989 42.302
1.169 9.974 88.858
20.038 3.303 76.659
16.083 27.833 56.084
33.240 63.559 3.201
13.349 5.277 81.375
26.159 28.780 45.061
52.556 30.537 16.907
13.768 17.940 68.291
55.386 19.946 24.668
1.931 60.052 38.017
14.058 29.260 56.682
64.197 20.025 15.778
3.576 90.229 6.195
4.982 0.038 94.980
78.188 20.210 1.602
54.582 24.147 21.271
23.648 11.335 65.017
3.304 1.896 94.800
83.887 8.722 7.392
43.606 55.262 1.132
10.418 7.564 82.018
13.057 19.121 67.821
9.569 22.140 68.291
3.275 3.372 93.353
36.100 56.249 7.651
22.209 32.282 45.509
29.206 7.261 63.533
3.853 20.257 75.890
30.753 42.061 27.186
0.855 51.603 47.542
53.746 4.920 41.334
19.674 57.782 22.544
26.943 9.642 63.414
57.778 35.792 6.430
29.773 29.844 40.382
3.268 0.413 96.319
29.423 53.676 16.901
33.052 37.324 29.624
26.167 25.025 48.808
7.909 11.830 80.261
33.003 23.276 43.721
0.609 0.270 99.121
90.860 8.456 0.684
22.159 32.002 45.839
14.411 14.899 70.690
34.939 56.488 8.573
62.696 27.309 9.995
40.511 0.692 58.797
23.745 28.167 48.088
52.477 9.619 37.904
0.551 57.309 42.140
73.364 4.119 22.517
54.519 5.569 39.912
33.407 1.180 65.413
34.199 42.909 22.892
12.500 28.632 58.867
6.459 41.940 51.601
57.269 25.350 17.380
6.331 8.757 84.912
57.916 15.512 26.572
1.197 3.530 95.273
29.284 15.523 55.193
34.262 14.033 51.704
12.429 10.496 77.074
2.199 5.351 92.450
0.062 0.008 99.930
3.270 37.607 59.124
47.547 4.582 47.871
33.145 52.554 14.301
3.987 1.522 94.491
5.398 80.255 14.347
2.498 4.088 93.414
5.080 35.528 59.392
72.160 24.645 3.195
6.489 1.149 92.361
28.339 18.235 53.426
30.974 0.145 68.880
47.294 3.803 48.903
9.298 20.754 69.948
25.699 15.510 58.791
20.128 0.585 79.287
10.589 1.808 87.603
0.384 2.445 97.171
