100 4
0.566303 3.681874 71.889114 23.862709
22.585463 7.057166 47.060229 23.297143
57.978966 12.543206 23.609611 5.868217
10.345020 25.053399 63.783390 0.818191
54.015312 42.569667 1.815328 1.599694
25.029928 58.856299 1.821510 14.292263
28.717478 28.986919 7.956483 34.339119
8.755778 0.192249 45.377322 45.674651
11.108190 86.789085 0.821851 1.280874
47.305965 31.386012 12.572690 8.735334
1.670859 49.496474 12.694377 36.138290
40.359916 35.982136 9.731188 13.926761
0.897373 70.299258 24.714973 4.088396
8.279045 43.187369 14.050404 34.483181
24.736098 20.776155 16.535727 37.952020
5.065646 5.518173 39.363641 50.052540
54.350082 1.382820 26.096607 18.170491
0.013555 11.675034 63.252068 25.059343
28.996269 37.613430 1.998303 31.391999
11.317288 41.067734 4.539604 43.075375
9.922716 36.498989 14.327007 39.251289
4.547513 4.232662 49.926339 41.293486
1.641821 0.250327 19.823972 78.283880
0.135150 4.143545 86.606938 9.114367
2.663081 12.217745 20.644004 64.475171
1.208064 75.506314 9.263225 14.022398
22.954383 35.265778 12.178083 29.601756
38.701250 42.505452 13.454182 5.339116
0.155571 6.280783 1.416290 92.147357
21.409253 5.846827 70.053236 2.690684
6.593825 0.034795 51.961642 41.409738
1.745395 12.653237 68.142523 17.458844
25.319731 72.171647 0.370165 2.138457
0.913034 12.829451 43.709213 42.548302
5.105829 18.286608 25.836670 50.770892
17.034073 38.448577 42.312337 2.205013
26.899772 20.690792 36.789131 15.620306
27.440250 9.770969 10.293934 52.494847
57.004727 29.731929 7.163347 6.099997
76.608186 1.018694 8.425681 13.947438
7.017027 23.623556 55.299989 14.059427
1.332385 15.452795 2.201826 81.012993
18.100013 20.484538 58.069809 3.345640
5.096826 15.551998 37.594155 41.757022
14.561911 65.002895 7.752614 12.682580
43.777871 52.450042 1.813692 1.958396
11.808757 58.942303 20.868891 8.380048
46.455149 30.497273 7.516998 15.530580
2.948228 25.845986 56.772093 14.433693
2.088663 6.371068 70.182642 21.357627
17.727303 27.137958 51.254594 3.880145
43.696527 21.426920 2.750359 32.126194
47.932716 41.129450 3.065678 7.872156
63.055790 6.947567 6.744141 23.252502
5.038170 0.491784 50.664453 43.805593
25.425975 62.717584 10.968483 0.887958
21.353638 17.337728 55.729168 5.579465
11.239222 15.891733 14.810872 58.058173
47.025003 48.937398 1.987193 2.050406
16.300374 6.722789 71.066203 5.910633
54.152930 11.815880 5.929260 28.101930
3.037524 22.674320 6.701736 67.586420
34.606238 0.953929 32.478525 31.961307
36.025415 2.720885 22.239914 39.013786
31.957237 14.821534 38.198702 15.022527
2.423194 24.079079 32.564470 40.933256
12.127877 56.673050 5.440580 25.758492
70.012369 19.419071 9.507737 1.060823
8.319550 83.715119 2.771956 5.193375
2.097346 35.766969 42.340330 19.795356
39.335920 5.401163 50.262320 5.000597
67.105131 12.447468 3.531977 16.915424
46.091862 3.052094 47.073697 3.782347
7.876744 79.851763 3.849564 8.421928
22.451302 14.125132 27.278308 36.145258
37.769199 10.337127 6.878085 45.015588
68.124237 23.907380 1.681855 6.286528
0.099357 6.571990 15.446067 77.882586
28.455537 32.212208 9.043526 30.288729
17.393252 51.206253 24.748960 6.651535
10.178210 73.744639 4.333917 11.743233
34.511323 9.520782 32.381339 23.586555
2.702834 1.563654 78.992492 16.741021
10.106486 1.621777 52.887073 35.384663
4.161974 43.272946 27.651732 24.913349
64.659782 24.234532 0.549743 10.555943
19.153751 2.322124 10.860663 67.663462
26.851683 40.792593 7.391052 24.964672
14.532380 11.689123 4.744142 69.034355
17.768749 0.041854 22.720163 59.469235
5.339024 1.368944 80.366044 12.925987
62.324658 12.311409 22.199537 3.164396
6.474426 66.129108 7.237276 20.159190
2.103723 39.099317 4.868195 53.928765
3.702818 1.384617 13.324314 81.588250
13.024910 38.130216 44.277453 4.567421
15.971743 29.580185 20.156106 34.291967
36.331928 33.903369 5.552892 24.211810
39.732079 29.389293 13.164905 17.713723
19.181651 58.857230 0.142757 21.818362
