1000 4
3.430436 1.684466 17.139955 77.745143
2.730178 15.791506 7.696017 73.782300
4.855148 92.031964 1.991215 1.121673
2.759061 0.308050 10.105373 86.827517
36.531154 37.988943 11.527271 13.952633
43.684097 43.516440 0.416792 12.382671
41.857892 1.908703 27.927067 28.306338
16.175584 3.005300 9.885648 70.933469
35.629231 39.400525 24.113695 0.856549
7.040698 45.994368 33.486183 13.478751
7.253223 40.673044 12.874212 39.199521
2.914681 1.922503 85.169370 9.993446
5.723152 11.278709 1.281688 81.716451
46.196085 1.974330 12.764817 39.064768
40.452680 28.070529 10.570715 20.906076
21.490924 62.251866 5.079541 11.177669
40.328989 4.514909 8.990409 46.165693
5.306272 39.116470 46.109432 9.467826
7.391913 4.015906 43.199740 45.392441
3.934862 29.641602 0.900053 65.523482
33.118500 11.661309 37.978522 17.241669
4.125138 1.056905 15.825660 78.992297
26.392930 14.163117 28.899264 30.544689
19.082814 21.250448 1.535052 58.131686
62.983832 27.390630 4.157544 5.467994
11.012764 8.512978 23.299639 57.174618
0.926931 68.417226 4.285849 26.369994
3.889131 91.926781 1.212437 2.971651
7.832305 14.751392 58.567239 18.849064
2.188896 0.746984 36.035799 61.028321
17.251282 36.354480 18.875136 27.519102
39.897547 7.766261 47.790496 4.545695
0.342424 10.934165 73.400501 15.322910
72.638136 26.360857 0.631453 0.369554
12.128766 46.204313 6.125357 35.541564
42.775320 18.548573 19.163954 19.512153
50.785607 44.267342 4.697486 0.249564
50.239286 16.211716 30.742582 2.806415
7.120953 12.740493 37.615008 42.523546
0.498953 2.769579 35.817832 60.913636
0.700523 45.577745 9.168124 44.553608
3.977240 81.987297 0.912796 13.122667
37.956872 37.494039 3.534733 21.014356
4.358514 0.558018 10.092480 84.990988
15.214600 42.978094 36.320950 5.486356
63.427667 7.582801 18.327804 10.661728
59.421548 22.691554 0.846662 17.040236
8.167205 8.398242 9.324544 74.110009
0.817896 0.103763 54.145813 44.932528
9.208005 8.007486 6.851759 75.932750
89.899648 6.688383 0.372987 3.038982
8.072859 2.678812 61.390060 27.858269
23.943381 19.435628 31.074413 25.546578
27.405492 47.166486 1.016593 24.411429
32.542007 5.777034 45.100684 16.580276
5.921222 38.477105 20.595035 35.006638
69.975503 17.814041 11.271390 0.939065
33.645411 43.218507 15.823931 7.312151
2.613186 4.699049 13.235452 79.452313
30.311675 8.803899 55.323127 5.561299
8.285985 5.548055 12.125347 74.040613
8.715544 3.983208 78.114728 9.186520
41.223539 37.529475 14.196647 7.050340
54.320268 34.751054 7.883911 3.044768
17.879041 61.353113 18.665519 2.102327
66.231689 6.292497 6.408815 21.066999
8.473001 37.768644 19.774451 33.983903
50.438686 5.291164 7.776696 36.493454
36.483730 37.133019 19.006215 7.377036
52.137284 3.836714 15.567042 28.458960
14.310730 21.264696 1.747900 62.676673
53.206404 5.712631 21.837466 19.243499
2.134576 70.496425 15.680356 11.688643
65.072641 8.904226 24.486381 1.536752
40.582275 20.292995 37.511597 1.613132
18.732566 4.809412 68.550180 7.907841
52.613987 36.481750 2.423650 8.480613
4.824949 25.095397 53.861690 16.217964
6.572775 38.408456 32.374550 22.644219
68.186170 23.149626 0.291125 8.373080
7.286776 60.815278 17.295780 14.602167
14.055223 0.288476 82.903650 2.752650
66.352419 9.635618 7.034970 16.976994
10.298353 46.731585 15.740521 27.229541
10.750370 12.196498 38.365485 38.687647
91.423796 6.012650 0.268114 2.295440
3.959770 17.821290 35.868947 42.349993
2.325032 35.997060 1.556677 60.121231
40.702216 18.042862 0.887622 40.367299
36.110556 17.663057 7.220272 39.006115
18.607006 55.855105 5.840661 19.697228
14.376803 24.610593 17.020668 43.991937
44.787281 35.842621 9.677660 9.692438
3.620887 0.068801 94.629063 1.681249
4.134442 42.387973 48.684235 4.793349
7.433701 7.114473 16.536455 68.915371
9.173300 24.198690 6.006627 60.621383
2.463266 3.115517 36.351318 58.069898
74.748938 15.915450 4.733193 4.602419
86.422282 13.419022 0.137168 0.021528
24.239941 45.128631 18.039328 12.592100
78.813655 4.767387 5.697805 10.721153
39.825898 25.273134 12.126454 22.774514
1.511775 6.371156 5.889622 86.227447
12.612066 79.141833 0.517914 7.728188
3.647249 21.307736 41.298004 33.747011
0.480584 15.804093 23.366813 60.348511
7.071880 52.344606 26.367456 14.216058
19.207710 50.444684 29.445522 0.902083
9.857498 21.762730 51.943752 16.436021
0.252137 0.599329 39.106285 60.042248
22.810856 29.641306 27.329813 20.218025
38.301088 34.033883 27.274964 0.390064
28.593875 31.512329 6.824083 33.069713
2.842721 15.880384 61.698705 19.578189
12.212783 19.053430 58.188887 10.544900
3.217857 15.984389 20.170465 60.627289
15.122983 19.265274 20.772614 44.839130
59.463593 19.734991 2.318393 18.483023
47.687630 16.486692 9.893691 25.931988
42.288801 50.194490 1.941402 5.575307
35.908776 30.041723 21.083112 12.966389
29.242121 42.693058 0.022269 28.042552
67.228584 22.221167 3.823165 6.727084
3.513815 5.946923 10.690524 79.848738
45.461036 19.973700 6.636252 27.929012
34.586714 30.121682 11.797975 23.493630
32.946693 5.869799 9.451916 51.731592
0.124276 1.087309 37.321140 61.467275
48.610924 31.664963 19.238339 0.485774
63.480196 36.297018 0.178346 0.044439
19.949979 77.880155 0.948617 1.221249
45.162693 49.426375 0.867282 4.543650
31.493150 11.205296 46.161965 11.139588
7.176093 3.575578 12.403848 76.844481
11.259206 1.283901 7.121036 80.335857
38.463951 5.977103 45.114197 10.444750
55.588634 6.824770 19.137998 18.448599
20.261017 11.627774 49.318111 18.793098
1.736188 0.137648 88.842704 9.283459
8.725301 4.196236 68.643352 18.435111
44.787343 3.657739 31.752367 19.802551
16.573784 5.005854 33.867200 44.553162
64.316353 20.641074 13.363270 1.679303
1.390201 41.302141 56.987600 0.320057
54.281728 40.136437 4.381725 1.200111
7.163085 64.878908 7.251659 20.706348
53.615265 29.343199 1.405782 15.635753
15.404897 5.582682 23.691428 55.320993
9.752629 1.932908 47.514135 40.800328
21.959959 4.990937 48.517339 24.531765
2.087968 2.553897 6.227803 89.130332
5.655769 75.697422 8.308463 10.338346
38.771107 5.950717 21.669612 33.608564
15.727357 63.275909 1.965941 19.030794
10.076507 65.066167 6.881338 17.975988
24.301354 15.662634 3.741372 56.294640
48.943496 4.137348 46.297711 0.621446
36.889432 32.332651 20.688937 10.088980
12.276437 4.945158 7.076092 75.702313
7.226865 6.167709 1.665133 84.940293
21.068426 73.267338 1.699253 3.964982
46.676247 13.210224 20.689066 19.424462
36.757023 7.738964 51.408164 4.095850
9.798514 4.880889 70.056785 15.263812
27.121395 65.267289 4.143983 3.467334
1.209096 1.769511 62.268743 34.752650
51.647207 24.255378 8.538194 15.559222
48.197112 26.423695 6.935962 18.443230
17.557943 7.928064 62.572925 11.941068
13.999279 62.022328 22.628982 1.349411
17.581289 13.288183 24.863529 44.266998
47.095965 37.998795 1.983757 12.921483
11.209719 7.150216 20.744504 60.895560
2.231434 4.906845 18.438012 74.423708
10.055139 4.450309 67.000782 18.493771
4.555168 6.828236 85.601138 3.015458
26.298359 46.518805 8.382073 18.800764
43.220931 18.084651 22.316572 16.377846
25.802075 26.405939 8.802290 38.989696
46.286778 23.985142 27.518003 2.210077
2.470875 18.718126 42.333823 36.477175
7.527818 2.018372 56.295192 34.158618
19.223246 63.820670 16.804981 0.151103
8.653942 12.190200 53.583059 25.572799
36.310466 0.726797 12.587936 50.374801
34.792963 18.272621 8.115799 38.818616
0.585640 70.751376 8.498211 20.164773
15.114200 49.768151 6.312539 28.805110
69.052300 18.358815 9.273675 3.315210
22.002056 2.098411 14.226964 61.672569
44.548819 1.189271 6.728298 47.533612
1.187182 2.490299 53.295306 43.027214
39.379554 21.736813 2.367408 36.516225
2.519932 32.902902 61.433742 3.143424
23.223938 2.039284 38.836119 35.900659
5.474183 42.705388 38.294011 13.526418
35.571041 21.757979 12.161757 30.509223
0.287865 0.063098 62.489346 37.159691
40.808645 0.772824 18.056669 40.361862
23.967799 5.360488 12.781169 57.890543
44.686812 24.248397 30.148025 0.916765
3.051756 92.092750 3.007660 1.847835
11.559409 5.424142 71.795408 11.221041
0.443455 5.031565 22.948278 71.576702
0.551513 44.402252 27.371084 27.675151
71.658323 13.970511 10.398010 3.973156
0.036063 7.349416 67.266853 25.347668
4.428849 9.304480 50.037670 36.229000
29.879802 36.592564 21.668591 11.859044
55.246875 34.758313 5.251646 4.743166
53.178969 16.580240 12.641014 17.599777
52.130962 10.013879 7.016034 30.839125
6.345489 14.053083 78.695293 0.906135
24.218303 75.400216 0.008720 0.372761
58.245253 5.074551 11.299475 25.380721
2.733593 6.827856 29.579453 60.859098
4.138914 1.323899 16.508737 78.028450
13.652056 15.990573 65.835364 4.522008
6.464948 37.457291 47.767156 8.310605
18.651432 11.436766 6.921411 62.990390
25.020266 29.800132 32.432465 12.747136
14.185499 7.317843 52.964343 25.532316
17.335490 43.625232 2.486495 36.552783
0.857511 8.096620 72.843364 18.202505
7.185120 2.406847 33.101143 57.306889
67.896834 1.041427 13.574758 17.486981
15.410444 0.776574 47.100200 36.712782
27.775797 38.959028 28.704881 4.560294
21.126725 6.706155 47.273020 24.894099
5.316487 84.249235 4.145752 6.288526
2.147994 91.696423 0.175648 5.979935
36.675448 22.066580 22.695851 18.562122
25.696865 37.445931 27.130825 9.726378
2.652128 11.188016 39.965320 46.194536
3.718322 17.705672 33.740178 44.835828
38.824328 7.682828 7.305535 46.187308
78.270974 19.168523 0.190903 2.369600
5.361738 7.910761 49.185374 37.542127
16.552818 53.951042 24.719794 4.776346
34.919524 53.272864 9.414522 2.393089
61.313895 0.861465 4.159129 33.665512
5.062745 34.690665 57.290063 2.956527
31.884295 25.084607 8.886729 34.144370
25.909139 18.919500 50.680806 4.490555
15.381665 17.047303 31.971840 35.599192
88.702177 9.222564 0.900290 1.174969
6.400779 43.631265 46.330956 3.637000
18.700259 30.544408 2.641006 48.114327
17.002144 11.203063 61.308332 10.486461
21.364675 1.020651 8.560424 69.054249
29.921176 19.500498 26.773310 23.805015
18.981018 15.602557 15.046956 50.369469
0.811651 6.524999 10.443610 82.219741
74.744713 6.983855 8.404959 9.866473
3.100440 37.006985 21.235753 38.656821
28.243877 40.996518 26.479902 4.279703
80.115821 4.261754 11.407274 4.215151
52.738828 28.373267 6.307305 12.580601
56.582078 27.356031 8.897348 7.164544
55.346658 39.782588 4.496607 0.374147
46.748467 13.083070 7.567367 32.601095
36.645651 48.787864 11.453764 3.112721
46.544142 11.013767 10.680791 31.761300
3.528745 12.624702 56.817190 27.029363
12.690972 81.434215 2.218003 3.656810
11.542027 23.279592 14.399435 50.778945
23.378724 72.641663 0.868259 3.111354
26.930332 6.817036 40.750009 25.502623
7.331535 3.319425 55.539453 33.809587
17.375866 57.049623 20.993780 4.580731
36.333570 15.062652 43.599074 5.004704
9.407541 66.931459 20.342236 3.318765
40.436500 21.909763 15.700644 21.953093
14.299308 56.000079 21.677904 8.022710
7.147693 18.683173 9.540785 64.628349
11.516297 8.143727 59.950339 20.389637
31.945856 14.088264 25.788072 28.177808
22.010235 11.331237 63.629428 3.029101
22.097246 66.278253 4.831155 6.793346
13.466068 31.280170 43.600002 11.653760
44.697784 54.389713 0.165948 0.746556
3.089578 19.976312 35.094276 41.839834
25.134271 9.842993 4.691114 60.331622
6.284875 24.206168 53.100626 16.408331
60.934283 1.683595 0.367353 37.014770
51.855816 1.322687 18.750319 28.071179
0.585319 0.446206 10.166567 88.801908
19.790078 7.884106 8.548780 63.777035
8.618346 37.077018 3.997399 50.307237
60.344906 10.400051 1.007101 28.247942
9.996516 75.818481 2.162794 12.022209
0.262025 11.005408 38.258421 50.474145
59.201362 15.681905 8.170393 16.946341
12.067154 18.835889 10.984407 58.112551
12.129601 86.103377 0.660335 1.106687
38.093330 19.897942 5.935863 36.072866
33.836793 29.675277 19.780117 16.707813
30.225640 8.697667 40.664362 20.412331
30.516256 52.713823 9.261406 7.508515
16.518280 29.366299 14.070967 40.044454
34.329952 50.734290 10.157428 4.778331
57.179869 24.380847 1.984219 16.455064
20.120988 18.097342 20.853459 40.928212
20.891107 1.982516 22.403298 54.723079
54.885697 30.138870 10.349396 4.626036
8.893549 10.610830 62.004745 18.490876
46.191489 32.762946 19.351231 1.694333
40.215656 0.895828 4.138928 54.749588
1.384974 14.188621 33.438700 50.987705
34.327325 28.553012 8.006890 29.112773
29.624580 34.537534 35.718670 0.119215
2.267951 1.781855 72.606130 23.344064
21.187231 6.358775 36.867136 35.586858
1.029256 0.548551 75.206606 23.215587
3.975530 34.383184 23.381437 38.259849
4.249807 18.813031 51.792350 25.144813
1.161349 2.769435 38.824078 57.245138
3.658650 8.734917 77.486790 10.119643
1.651480 0.548904 6.918531 90.881084
11.577046 18.941463 16.393365 53.088125
65.298726 4.100364 22.136093 8.464817
0.522806 14.245101 81.998856 3.233237
41.252098 28.491852 5.169946 25.086104
25.847724 20.332885 36.579842 17.239550
55.433480 4.733761 16.418385 23.414373
54.539584 42.506224 1.215955 1.738237
11.736435 10.255203 34.805818 43.202544
39.555843 4.235167 44.985033 11.223958
73.766378 14.801388 3.237045 8.195188
43.236332 41.867584 9.009842 5.886242
4.849490 11.279543 76.230511 7.640457
4.662112 10.069173 37.045974 48.222741
62.147411 24.610608 9.242755 3.999226
25.498182 49.778773 14.372670 10.350375
34.654594 25.103699 10.066874 30.174832
6.150957 69.476962 21.789609 2.582472
45.800616 18.074625 16.701376 19.423384
0.521953 2.838134 1.094193 95.545720
4.188895 5.384762 42.529386 47.896958
4.654916 12.121109 6.176968 77.047007
49.416441 11.635837 20.537087 18.410635
54.412384 17.260336 10.740627 17.586653
2.758769 1.074356 52.892222 43.274654
21.953369 16.313790 28.067747 33.665094
21.449909 17.217042 36.273481 25.059568
4.870702 1.077356 80.521230 13.530713
57.951297 30.009151 6.095650 5.943902
34.067268 36.601393 20.865918 8.465422
28.924796 51.259535 3.897579 15.918089
31.064344 32.981800 29.904672 6.049184
17.244777 25.468929 38.796355 18.489939
18.172965 8.991560 11.592059 61.243416
9.952694 37.018344 21.881912 31.147051
20.188379 48.051008 18.156676 13.603937
51.438180 22.834717 14.886498 10.840605
34.993352 49.033261 11.862923 4.110465
23.239898 45.252793 22.109060 9.398249
59.599900 23.453172 16.466971 0.479957
29.217315 46.373981 4.317540 20.091163
29.978337 6.250186 50.696836 13.074642
1.737880 0.438089 5.911178 91.912852
1.707553 8.738933 78.421843 11.131671
1.554077 16.876051 75.177116 6.392756
21.925445 3.295051 21.139639 53.639865
20.175051 27.275128 1.554026 50.995795
20.285814 4.016075 70.202161 5.495950
45.701133 39.723227 5.564339 9.011302
72.610149 12.939337 10.925095 3.525419
6.470200 41.724630 34.553117 17.252053
3.644776 12.340819 35.580550 48.433854
0.106401 1.450043 81.595158 16.848398
3.035947 4.331221 66.935257 25.697575
2.499611 65.584132 2.469183 29.447074
47.597890 25.377969 3.729458 23.294682
56.743535 17.712472 15.621695 9.922298
40.979472 20.649606 25.476784 12.894138
24.641665 48.502047 15.911164 10.945124
37.337571 24.984277 22.061617 15.616534
1.573610 1.218834 64.619129 32.588428
42.785704 42.022182 6.281868 8.910247
2.848490 3.047686 18.342879 75.760945
12.716116 28.193946 40.960993 18.128945
5.320746 56.967532 37.605839 0.105883
53.201683 16.929851 3.410075 26.458390
46.054497 39.464470 4.066286 10.414747
25.019718 39.310248 12.461161 23.208872
8.414442 20.163090 35.810411 35.612057
13.973971 48.103729 18.026604 19.895696
4.419077 13.870666 28.831873 52.878384
12.794991 3.446960 66.831086 16.926963
37.626719 8.782778 49.830483 3.760020
0.226517 0.875201 54.092685 44.805597
38.304044 14.544859 34.890977 12.260120
1.100199 29.067348 24.248593 45.583860
0.168303 4.293503 36.329414 59.208780
9.660480 5.754419 61.768007 22.817094
23.207352 41.269103 33.227367 2.296178
0.854019 24.631988 26.995319 47.518674
21.225795 4.022168 10.117658 64.634380
2.304344 4.409728 22.707253 70.578675
2.026735 0.869472 62.878759 34.225035
7.604542 22.013671 0.599277 69.782509
29.180343 0.208982 14.043696 56.566980
19.161138 7.573076 55.771615 17.494171
86.471522 1.446201 1.913356 10.168922
5.991411 2.175342 65.810978 26.022269
9.052553 74.668874 6.078818 10.199755
5.768841 85.725650 3.800704 4.704805
15.359712 71.941536 1.028550 11.670202
46.099162 28.872609 20.944061 4.084168
25.756879 66.753879 1.666892 5.822350
1.892740 28.213770 6.687097 63.206394
0.491449 60.737837 4.358999 34.411716
2.718233 1.191188 43.337095 52.753484
5.579170 35.697114 44.732321 13.991395
10.972185 4.079544 51.696935 33.251336
7.674644 0.086213 80.570963 11.668180
10.409681 3.937070 69.584932 16.068316
29.023763 23.440607 10.514794 37.020837
1.662525 69.085483 15.041560 14.210431
80.186868 13.437815 2.746287 3.629029
44.730061 7.334516 18.229417 29.706006
44.728858 17.718116 27.235026 10.318000
5.278387 2.052159 70.346995 22.322459
2.065199 2.659066 56.589140 38.686595
2.897100 34.698652 57.391645 5.012604
60.348770 18.831503 4.806068 16.013660
46.132462 30.374390 11.368370 12.124779
0.306362 0.496274 57.737727 41.459636
3.564498 0.244212 60.975655 35.215635
21.735735 8.154093 39.983788 30.126384
57.677881 38.653794 0.016233 3.652092
6.369908 2.153912 13.978125 77.498055
45.473317 49.155425 4.293301 1.077956
0.445694 57.737844 39.330471 2.485991
39.012496 2.828380 41.712624 16.446499
33.444709 3.974036 49.349561 13.231695
31.242003 15.515406 46.354706 6.887886
4.667061 75.273123 13.721754 6.338062
43.680637 4.663734 7.584314 44.071315
35.218079 17.865816 1.523445 45.392659
3.793669 22.498027 38.751578 34.956726
31.302421 26.075428 30.006035 12.616115
9.110984 15.200060 64.739963 10.948993
28.710705 63.241564 4.580037 3.467694
30.178749 11.897120 35.834225 22.089906
0.433899 0.210042 35.613175 63.742884
11.734705 8.956845 34.187807 45.120644
8.448358 43.616219 6.836214 41.099209
2.877899 4.840232 47.012581 45.269288
51.057862 5.291514 7.695842 35.954782
13.696850 39.866186 12.859554 33.577410
19.584880 24.584558 50.633771 5.196790
12.932483 61.151199 19.180780 6.735538
73.332729 19.001022 1.837308 5.828942
25.864470 1.092529 30.356749 42.686252
11.002841 26.556289 18.781616 43.659254
3.735072 0.455119 50.239696 45.570112
5.351014 32.815434 35.595761 26.237791
11.554535 41.242487 1.495306 45.707673
32.549461 52.475107 0.638925 14.336508
8.637947 3.725101 1.856137 85.780815
18.668434 71.968487 3.765291 5.597788
8.175069 6.544008 82.597594 2.683329
8.683802 52.560742 13.093139 25.662316
31.393239 8.109920 52.031678 8.465164
8.328692 35.343295 32.116955 24.211058
15.010556 57.769985 24.469020 2.750439
4.218484 94.869013 0.814478 0.098026
23.916236 62.466405 12.076798 1.540561
36.160940 15.894482 2.298683 45.645896
12.723939 43.066948 17.183363 27.025750
53.548622 4.518946 34.737872 7.194560
9.343937 67.468100 13.897776 9.290188
34.255259 54.028685 9.248558 2.467498
2.445299 35.855430 35.236013 26.463257
7.608259 1.858583 8.239078 82.294080
44.402021 28.177098 6.600192 20.820689
1.202636 0.790222 81.436825 16.570317
8.146892 40.798693 33.281115 17.773300
13.712806 58.689306 12.318696 15.279192
0.650770 11.349108 1.785946 86.214176
2.952110 38.333330 56.433496 2.281064
5.539873 1.635029 89.349150 3.475948
24.988498 60.249699 9.727374 5.034429
12.530257 81.466752 2.580038 3.422952
23.431071 21.888916 44.063410 10.616603
14.718716 20.438607 50.695508 14.147169
8.443458 38.298691 50.343598 2.914253
59.016103 20.527340 2.535297 17.921260
22.702280 44.923685 21.797417 10.576618
12.570118 29.160892 37.463082 20.805908
3.253346 8.087333 26.286365 62.372957
20.570237 11.809901 22.619749 45.000113
2.750690 36.642602 0.166466 60.440242
1.513396 23.826123 25.856720 48.803762
20.360943 52.489791 20.739564 6.409703
53.197056 17.663871 8.342346 20.796727
29.036170 3.188324 51.536439 16.239067
8.515991 84.251122 2.864062 4.368825
15.490172 5.546237 23.778001 55.185590
28.348890 24.438976 27.547496 19.664638
26.075683 3.557789 44.062026 26.304501
39.947975 0.620279 4.657757 54.773988
3.302248 2.145306 24.267894 70.284552
8.962257 56.210020 1.249959 33.577764
7.360426 59.392710 10.486353 22.760511
15.395351 80.673865 3.549306 0.381478
83.679950 7.124823 1.016703 8.178524
31.350291 9.349193 52.968154 6.332362
28.882075 18.662711 46.117429 6.337785
21.162335 43.662031 21.886679 13.288955
28.098382 10.281696 33.836704 27.783219
10.879097 61.989948 25.939468 1.191487
4.882885 94.064227 0.343722 0.709166
67.482246 13.892308 10.267386 8.358060
71.155419 26.607574 1.053203 1.183804
15.010681 36.611378 25.793104 22.584837
9.862036 61.426150 11.852922 16.858891
5.099526 5.124175 36.300125 53.476175
22.499909 20.781441 1.038581 55.680069
50.005962 41.354248 6.154403 2.485387
35.231458 9.157714 52.191051 3.419777
7.811883 86.053896 2.258281 3.875939
1.926590 37.677280 13.827685 46.568445
15.747248 57.463604 24.524493 2.264655
43.471413 5.226973 20.530353 30.771262
81.913751 12.849273 3.298462 1.938514
6.221241 64.535924 11.653583 17.589253
40.857835 32.584958 5.435122 21.122085
47.389786 13.433603 13.322702 25.853909
15.446740 12.700481 5.690419 66.162360
5.322602 11.697570 62.348196 20.631631
58.143758 41.725012 0.040654 0.090576
21.422154 61.441703 4.039417 13.096726
0.900431 31.629248 27.204745 40.265576
12.659848 1.393926 43.947539 41.998687
3.574999 4.573443 77.605835 14.245723
19.351424 45.576705 9.645915 25.425956
7.490940 67.251942 7.374336 17.882783
10.711745 67.897831 20.672339 0.718084
14.697614 5.154677 54.760794 25.386916
12.058265 68.086393 17.063100 2.792243
27.456414 9.007101 61.927083 1.609402
34.645891 0.581624 40.256711 24.515774
9.804022 4.322996 82.358603 3.514379
1.402415 10.231241 15.838360 72.527984
7.117578 71.940621 16.848285 4.093516
2.847207 25.449555 2.345832 69.357406
5.344268 9.557921 56.600290 28.497522
42.095706 18.639180 27.714578 11.550537
17.033147 16.546369 7.378477 59.042007
14.072880 39.740408 19.268543 26.918169
40.136660 5.335919 17.158490 37.368931
8.636853 27.277329 60.389349 3.696469
2.632501 10.255466 3.405576 83.706457
62.340518 32.935217 2.985196 1.739069
4.617622 67.708194 17.622054 10.052130
0.942543 30.766188 19.036605 49.254663
58.236209 34.454608 4.328584 2.980599
2.530492 95.479701 1.224599 0.765208
0.764009 9.346773 69.501124 20.388094
42.611799 14.466969 12.631289 30.289943
55.071183 3.319881 24.994314 16.614622
9.334467 57.070758 29.783875 3.810901
6.754770 2.864664 85.542542 4.838023
5.775027 16.787307 27.109209 50.328456
7.597616 57.065002 29.389762 5.947620
9.578934 8.750483 15.742406 65.928178
0.595003 0.045885 6.674075 92.685037
37.290904 8.282386 44.488815 9.937895
3.318096 1.250525 91.674353 3.757026
77.074022 4.086902 17.019389 1.819687
2.614550 8.964172 22.043929 66.377349
39.818762 43.444887 13.121131 3.615219
2.039509 33.096451 40.414571 24.449469
42.611160 21.187784 8.704737 27.496319
14.342565 23.363053 43.784964 18.509418
44.295770 7.976333 27.813477 19.914420
35.076366 21.181455 11.595342 32.146838
70.873468 18.155128 10.325181 0.646224
16.362023 63.550694 19.523905 0.563378
44.680234 0.114835 54.455208 0.749724
59.036773 30.733422 0.114265 10.115540
18.289591 2.310403 35.356471 44.043535
25.302653 0.543473 73.216965 0.936909
0.191956 0.088814 41.090397 58.628833
39.488282 16.125598 11.934010 32.452110
8.410607 61.025106 6.210426 24.353861
91.859814 3.470854 4.214041 0.455291
26.065254 16.144896 56.581742 1.208107
84.288402 7.666919 2.316157 5.728523
1.103931 12.165517 16.887140 69.843412
18.117046 3.743362 14.141294 63.998298
0.240674 38.993922 46.450754 14.314651
0.756523 15.329783 33.046123 50.867571
8.795767 5.389236 21.988669 63.826328
31.620723 60.560435 7.078883 0.739959
0.013267 0.154584 9.865306 89.966842
67.298154 5.778417 3.055764 23.867665
49.165072 19.184182 9.732747 21.917999
2.597420 13.070782 65.332886 18.998911
50.858281 11.228575 9.398739 28.514406
19.793251 49.129751 28.359764 2.717234
64.734646 7.627792 2.007428 25.630134
3.954258 41.588513 41.445795 13.011433
50.048174 30.947950 6.113463 12.890412
26.772998 8.454518 49.389341 15.383144
1.661632 38.909675 23.127985 36.300708
13.175875 10.482073 68.122356 8.219695
6.190374 78.220771 11.791429 3.797425
20.027303 2.101668 20.005442 57.865587
13.282161 44.477170 29.509298 12.731371
60.453711 10.385854 3.824042 25.336394
61.773703 33.444047 1.015208 3.767042
4.640883 61.822327 16.601054 16.935736
0.629054 0.896872 80.003611 18.470463
68.451699 26.116006 4.443881 0.988413
35.518200 50.678279 3.192330 10.611191
1.674483 30.299759 30.727538 37.298220
9.359422 9.446083 44.429374 36.765121
30.644507 5.303245 41.503870 22.548377
42.801980 31.806621 12.643394 12.748006
13.755979 54.745868 1.658202 29.839951
70.964465 19.870826 2.956917 6.207791
27.597629 0.213889 46.822163 25.366319
0.680183 15.470213 4.027811 79.821794
3.391530 83.564859 8.780663 4.262948
12.960388 58.019561 9.178863 19.841188
9.181044 76.624797 1.838435 12.355723
5.546574 2.202076 24.710535 67.540815
1.056826 95.943205 0.839098 2.160872
8.049658 21.760823 18.841732 51.347788
1.605172 2.774234 6.764383 88.856211
42.698271 15.787401 1.173201 40.341128
1.884769 2.418341 89.254209 6.442681
49.104404 42.634236 4.390999 3.870362
27.018273 52.509911 18.821800 1.650016
14.383126 23.682611 49.391285 12.542978
4.038985 10.213159 74.537070 11.210786
86.876357 10.779821 1.071089 1.272732
6.884063 23.280432 18.403564 51.431941
57.446331 4.777858 2.870625 34.905186
31.792418 7.161408 54.041151 7.005024
66.187459 11.741555 15.762969 6.308017
19.398379 20.608335 21.082879 38.910407
0.627924 23.750261 75.437185 0.184629
41.929423 12.527805 10.664684 34.878088
26.595772 43.508296 18.968365 10.927567
60.694636 31.144715 7.553712 0.606937
32.850561 0.139948 29.466834 37.542657
0.450037 4.579414 72.476381 22.494169
56.778711 8.945951 5.975982 28.299356
13.223964 2.804357 28.527870 55.443808
38.189539 25.749791 17.612689 18.447982
1.213219 0.199788 49.622952 48.964041
3.554679 17.060574 46.976233 32.408513
10.055198 15.143935 31.993596 42.807271
54.122245 33.191211 7.600234 5.086310
4.955431 4.880685 39.183743 50.980141
3.791847 9.245660 37.282910 49.679583
42.812063 14.065283 4.028396 39.094258
72.968905 5.027249 6.586984 15.416861
68.296695 10.499045 13.625163 7.579098
40.766535 43.272285 14.280159 1.681022
38.651295 57.396558 0.355087 3.597060
18.169710 51.244640 23.745486 6.840164
0.080568 0.255136 58.517453 41.146843
20.760428 23.677574 13.536529 42.025470
15.624623 83.826043 0.525460 0.023873
20.799321 39.026113 7.732810 32.441756
50.687359 2.164596 33.046942 14.101103
44.023746 38.751607 4.125988 13.098659
5.157730 88.369294 3.778849 2.694127
24.499692 6.012714 5.104423 64.383171
14.271912 7.863163 2.842080 75.022845
7.756614 50.832821 12.549422 28.861143
29.581052 38.276854 11.983026 20.159068
24.590686 60.693289 9.011864 5.704161
32.911469 14.761494 9.501812 42.825225
13.382327 2.084454 36.661934 47.871286
35.640648 0.355934 29.455597 34.547821
20.196491 50.423339 6.861081 22.519088
7.799026 83.176651 1.443969 7.580354
32.463270 65.693412 0.924331 0.918987
11.289284 74.260202 14.098149 0.352366
14.467427 71.396399 3.673498 10.462675
12.673014 60.217394 14.589390 12.520202
6.859608 1.301042 0.072873 91.766478
48.088280 41.303486 8.500314 2.107920
33.664090 9.168638 1.575428 55.591844
33.156919 43.548303 10.603400 12.691378
36.067830 46.158190 15.318917 2.455063
19.467038 80.435302 0.078382 0.019277
24.319560 59.899318 4.602807 11.178314
55.881040 8.061341 28.686974 7.370645
5.762266 22.214052 29.638579 42.385103
78.605385 19.462794 1.927577 0.004245
8.179316 11.956796 21.275426 58.588462
16.034262 83.736849 0.051133 0.177756
0.393817 0.848286 7.791045 90.966852
16.786596 2.556035 51.288703 29.368666
82.842743 9.393348 1.119792 6.644117
0.833491 33.957609 19.321671 45.887228
48.444629 10.843679 38.221802 2.489890
9.997247 18.174389 46.809988 25.018376
9.875080 14.823550 32.913182 42.388189
3.414998 36.793138 22.630656 37.161208
43.818506 30.610035 17.557503 8.013957
12.559113 50.403624 17.278103 19.759160
27.026896 44.535957 27.963296 0.473851
28.901644 14.254580 32.480423 24.363353
20.209316 22.168686 7.983760 49.638238
13.343398 10.161958 46.143777 30.350867
8.167795 11.495281 77.517397 2.819528
42.080211 17.034142 15.549697 25.335950
2.828527 66.857438 25.810458 4.503578
4.075628 18.532483 6.547145 70.844743
31.097861 25.565855 33.709378 9.626905
22.990376 45.270375 10.683071 21.056179
67.217332 7.418734 24.218310 1.145623
40.954067 32.925140 2.180254 23.940539
55.091461 8.359572 3.651885 32.897082
7.237418 25.405180 19.754773 47.602630
13.008401 73.032432 11.031605 2.927561
18.926291 18.584009 49.614919 12.874781
4.329926 36.033855 59.603459 0.032760
0.341280 0.711608 60.702378 38.244733
59.777677 14.428079 11.622249 14.171996
71.798280 24.164122 4.003713 0.033886
11.592675 14.961480 31.490239 41.955605
7.276013 91.201113 1.477327 0.045546
73.207505 25.345918 1.176704 0.269873
77.883288 3.494317 4.694955 13.927439
3.974056 17.926026 73.914504 4.185414
29.184893 17.770886 51.744300 1.299921
0.776833 5.390958 15.285999 78.546210
2.686067 23.968799 21.788431 51.556702
48.340484 22.499080 0.329275 28.831161
3.512390 11.307398 30.677562 54.502650
49.909262 15.839815 33.996918 0.254005
26.336310 35.680353 16.524322 21.459015
0.281390 17.181301 57.209612 25.327697
18.601461 22.476452 54.146029 4.776057
25.130702 46.090343 2.410030 26.368924
26.231309 2.718550 40.309523 30.740619
72.863834 18.468909 1.234476 7.432780
1.422680 30.463059 64.256109 3.858152
16.627317 82.902698 0.213169 0.256816
17.828766 15.607313 48.396828 18.167093
25.964759 7.282105 44.335719 22.417417
33.725042 42.250788 8.632483 15.391687
56.760878 0.067639 11.445377 31.726106
2.566286 7.712348 55.612078 34.109289
9.770049 10.756701 58.706932 20.766319
51.262654 24.612465 6.960559 17.164323
96.123837 1.477408 0.707028 1.691727
18.600155 1.859454 10.785179 68.755212
0.499997 0.491854 82.528445 16.479703
17.391603 24.470636 14.667955 43.469806
9.564337 41.352744 2.437144 46.645774
4.429457 48.950468 13.961693 32.658382
86.353482 8.827645 1.687275 3.131598
11.800881 33.653387 40.206399 14.339333
16.649354 21.739879 7.983621 53.627146
3.687367 52.146247 27.877108 16.289278
9.955881 66.087089 13.150886 10.806143
63.593402 15.769982 7.010920 13.625696
6.676262 11.351021 75.931147 6.041570
55.034925 4.622657 15.372644 24.969774
77.071796 8.529571 11.473821 2.924812
12.611614 8.144024 16.774160 62.470202
8.291754 30.192086 15.676136 45.840024
27.356469 2.478426 42.950886 27.214219
69.237126 28.635734 2.086437 0.040703
30.907124 13.826907 1.150285 54.115684
6.185960 31.821792 0.637574 61.354674
0.876116 4.159438 56.639002 38.325444
11.211913 76.238876 5.407340 7.141871
48.138211 36.715453 2.266380 12.879956
66.360062 6.164124 12.182032 15.293783
47.676053 4.702865 23.549669 24.071413
9.061356 4.092122 17.103202 69.743321
43.609744 44.002793 4.314271 8.073192
2.238112 4.921530 13.849412 78.990946
0.680926 7.650627 72.144106 19.524341
37.979279 38.069795 0.545286 23.405640
0.207936 57.533084 23.737870 18.521110
29.344443 26.306059 16.071228 28.278270
21.886141 5.748369 30.892315 41.473175
22.900080 38.399398 33.327779 5.372743
10.391966 30.832436 8.774994 50.000604
1.524952 0.409921 64.030988 34.034139
3.660604 8.430829 15.914598 71.993969
15.145239 8.012206 21.012277 55.830278
17.308590 25.521086 12.326680 44.843643
9.737826 78.674296 7.137966 4.449912
40.825295 0.307552 7.665827 51.201326
10.376815 12.124482 43.246675 34.252028
13.052952 12.097352 20.334849 54.514847
5.059496 0.034043 61.644160 33.262300
8.046105 67.932776 19.118954 4.902164
44.605393 31.681726 22.545583 1.167299
9.411430 76.513433 13.295499 0.779637
36.023259 28.169374 14.810549 20.996819
37.872314 21.495342 35.057130 5.575213
20.827691 7.453812 53.195177 18.523320
56.991599 3.557124 37.677794 1.773483
10.152697 84.222742 0.367510 5.257052
16.219887 66.384563 16.797772 0.597778
0.183514 0.295626 64.823563 34.697296
7.904658 38.797817 4.316893 48.980632
20.366925 18.770011 52.500824 8.362240
7.839950 34.074171 29.611088 28.474791
30.319521 4.218276 20.323710 45.138493
39.869592 58.003268 0.694873 1.432267
51.598048 42.075465 1.460226 4.866261
9.197590 46.706216 43.786672 0.309523
9.111274 73.520642 3.252905 14.115179
67.969777 14.744539 0.259019 17.026665
25.657678 38.904228 31.413766 4.024328
45.770005 20.268998 27.115318 6.845680
22.333850 34.763229 34.565087 8.337834
48.245634 8.878912 0.983988 41.891466
49.689210 37.026083 1.470087 11.814620
51.569694 40.431404 7.414979 0.583922
77.994809 20.265636 1.040006 0.699549
27.507527 18.343482 47.547068 6.601923
42.898260 38.992057 13.899916 4.209768
44.040613 19.764435 23.082056 13.112896
46.596355 23.159802 7.141228 23.102615
51.317335 29.272893 18.151013 1.258759
90.353974 2.864813 1.081948 5.699265
1.511619 1.036677 45.342835 52.108869
22.358182 18.460324 46.529546 12.651947
5.653668 85.694334 3.041811 5.610187
34.484562 45.574644 6.287676 13.653118
50.575713 21.103110 16.517157 11.804020
10.975847 53.848519 18.545923 16.629711
65.456517 32.605558 0.156136 1.781789
6.967678 0.610068 74.161758 18.260496
32.085559 38.522064 28.844302 0.548074
11.065365 2.432971 67.565647 18.936016
14.504697 84.738444 0.454457 0.302402
3.873666 11.580907 55.734909 28.810518
36.655884 55.986103 3.141083 4.216929
55.944125 20.242282 14.176817 9.636776
4.522313 0.055464 57.153739 38.268485
0.026187 0.001280 53.990721 45.981812
5.095581 13.893036 54.839122 26.172262
63.583363 19.924435 10.283782 6.208421
1.274739 7.102592 30.391760 61.230909
23.143427 71.189286 3.777211 1.890076
21.831506 48.974488 26.628048 2.565958
0.888318 63.939100 1.641251 33.531331
5.553012 45.116869 43.067315 6.262804
3.233261 77.088404 13.371323 6.307012
60.662080 30.463138 7.626999 1.247784
71.650135 27.223732 0.989658 0.136475
21.753465 41.142131 36.291361 0.813042
8.114718 9.610432 81.067104 1.207746
21.146932 57.371089 12.315408 9.166571
1.904884 64.994740 16.614334 16.486042
41.586870 3.473709 42.585722 12.353699
19.195250 4.685483 52.486914 23.632353
43.657051 0.768744 19.116089 36.458117
59.826368 7.927774 24.916314 7.329543
13.528379 57.659096 0.190811 28.621713
43.544833 45.343377 7.919358 3.192431
6.289583 9.671598 58.904372 25.134447
3.631076 0.623205 52.201828 43.543892
16.755430 53.192994 1.139992 28.911585
52.153759 8.358341 7.154749 32.333150
4.802042 51.333705 43.042309 0.821944
0.208766 0.004864 95.160512 4.625858
15.474008 61.936192 7.957826 14.631975
33.638420 49.555037 11.554851 5.251692
16.867100 6.418523 33.076593 43.637784
24.496265 33.009762 12.676735 29.817237
8.350816 0.340855 68.553001 22.755327
7.442621 18.083060 38.215619 36.258699
34.179251 7.518188 18.036838 40.265723
2.343678 10.196377 76.895460 10.564484
19.248549 26.211823 53.254659 1.284969
60.634386 19.946687 7.930072 11.488856
2.544348 2.646851 91.113900 3.694902
0.744435 0.808957 61.047292 37.399316
74.920948 11.174819 13.633931 0.270302
16.082222 57.372778 0.589763 25.955237
7.171877 78.438646 4.769997 9.619480
11.868198 82.156278 4.947355 1.028169
30.331364 25.123820 24.525682 20.019134
43.900678 16.550386 22.808199 16.740738
67.799694 0.259634 28.361274 3.579398
2.195831 1.457235 89.645843 6.701091
1.095220 19.990018 40.879518 38.035244
28.924190 25.267527 40.261017 5.547266
44.853709 39.929762 6.361156 8.855372
34.995336 1.263705 34.162991 29.577968
7.955393 4.761670 23.126635 64.156302
25.751940 33.359361 10.818965 30.069734
9.302599 60.242980 20.545836 9.908584
35.064059 48.886257 10.586806 5.462878
85.885849 6.115250 5.988862 2.010039
37.696607 13.983437 27.428546 20.891410
3.885565 0.512152 31.948149 63.654134
16.859833 8.098204 34.430399 40.611564
30.383055 38.887858 23.416076 7.313011
27.922493 61.768354 7.298239 3.010913
41.766532 38.936614 4.614708 14.682145
34.749207 3.780411 19.829155 41.641226
13.627245 0.661521 55.635006 30.076228
73.839254 11.240247 14.811215 0.109284
41.712160 4.566107 21.056191 32.665541
37.896753 56.326094 3.801952 1.975202
27.175252 30.623753 8.229754 33.971241
15.499803 9.046234 54.639474 20.814489
14.960394 45.618848 26.393995 13.026764
20.148548 4.818645 16.361260 58.671547
26.316767 4.439787 62.857335 6.386111
48.487770 23.950964 5.731451 21.829815
27.847474 1.883658 51.142063 19.126805
41.575763 1.772728 17.742173 38.909336
19.628874 18.528418 25.464089 36.378618
7.017047 33.194141 45.162294 14.626518
12.714653 30.624682 3.610568 53.050097
2.335217 8.028869 67.477923 22.157991
8.646737 5.651185 14.683415 71.018663
41.361692 15.509550 33.349203 9.779555
12.157897 72.765959 10.626963 4.449181
7.267425 8.873815 71.950596 11.908164
51.070946 5.281482 11.482347 32.165225
24.700155 0.090031 40.335157 34.874658
19.364915 18.499399 30.717977 31.417708
22.254248 59.660483 7.066429 11.018839
77.473426 5.671201 7.007168 9.848204
80.754749 14.466053 3.508081 1.271118
17.518395 41.211424 18.172129 23.098051
0.681323 42.004916 42.565092 14.748669
6.028999 9.974907 3.060742 80.935352
15.935204 31.972753 20.172611 31.919433
10.999364 28.860861 5.933772 54.206003
17.774403 2.148080 18.209100 61.868417
14.299662 14.265663 31.582816 39.851859
4.760549 4.465197 20.635927 70.138328
8.346780 24.744440 30.621176 36.287604
30.731714 12.925013 46.218781 10.124491
33.260261 29.098209 0.547960 37.093569
58.305672 34.803249 0.909992 5.981088
41.998677 14.475824 12.766612 30.758887
26.626259 6.757939 12.586396 54.029407
38.674485 16.466358 22.346752 22.512405
47.930253 51.294577 0.551990 0.223180
0.127916 55.757579 20.474667 23.639839
45.186513 51.935591 1.032255 1.845640
76.066529 2.689536 3.377168 17.866767
35.863775 16.921039 30.269766 16.945420
32.107560 11.292812 6.461965 50.137663
30.283881 27.725702 35.963593 6.026824
2.287013 31.182637 1.591839 64.938511
9.810210 10.469340 65.730992 13.989459
33.055221 51.227747 3.976864 11.740168
18.688265 49.133019 21.784737 10.393980
93.353093 2.264449 4.026158 0.356300
79.739543 5.867927 14.380670 0.011859
14.707377 39.783422 31.007978 14.501223
10.175468 6.594453 76.163638 7.066441
21.125019 44.294458 18.091797 16.488726
1.566409 19.323510 67.936599 11.173481
17.696471 22.890095 43.435433 15.978002
37.721874 61.255756 0.416567 0.605803
11.150258 0.776376 14.409660 73.663707
31.358776 5.077273 18.971998 44.591954
2.535004 1.325587 75.830043 20.309366
39.027747 3.936210 13.025321 44.010721
2.576610 59.275253 21.336738 16.811399
26.526675 17.615297 48.722138 7.135890
21.585299 59.044603 1.369095 18.001003
44.612389 21.978999 12.769233 20.639379
7.609206 21.627526 17.227045 53.536223
9.599163 9.154461 4.611904 76.634472
12.201490 28.305727 36.835523 22.657260
2.150937 63.595088 18.409146 15.844829
31.183797 1.669379 58.855676 8.291148
25.844082 65.537491 3.586299 5.032128
53.349158 21.247235 25.085742 0.317865
16.150116 80.083900 0.545698 3.220286
2.449407 95.667601 0.321868 1.561124
8.870279 50.701852 10.515663 29.912206
2.495724 32.905747 37.723711 26.874818
51.975653 6.201782 32.836974 8.985591
75.649626 14.837754 6.143851 3.368768
20.992338 27.403914 45.972014 5.631733
0.201219 0.201625 14.176493 85.420663
27.930962 14.416522 5.042638 52.609878
14.348404 62.814595 21.255618 1.581382
0.217846 6.645767 2.873650 90.262737
25.019421 56.101829 5.438292 13.440458
18.883523 28.893204 3.415463 48.807810
