100 4
3.084235 1.362312 62.510569 33.042884
5.645928 92.706073 0.108033 1.539967
2.143307 58.347430 34.721174 4.788088
12.148986 48.002996 0.565487 39.282530
31.490297 16.344415 3.994345 48.170943
28.084633 14.033962 20.775268 37.106137
59.445757 9.999112 4.753870 25.801262
7.688150 46.140397 36.002094 10.169359
76.993258 12.197086 4.286650 6.523006
59.036048 25.253023 0.503927 15.207001
32.048362 2.281910 50.091531 15.578198
16.150677 29.959739 32.494595 21.394989
35.087174 61.583257 2.173716 1.155854
1.590478 0.838795 60.924011 36.646716
4.875764 29.832937 52.572577 12.718722
10.372382 28.523458 9.652246 51.451914
13.212632 4.384340 43.340366 39.062661
1.887786 2.381753 44.652985 51.077476
0.181436 0.862297 85.040117 13.916150
5.349707 3.631891 73.924154 17.094249
21.179340 27.165031 19.398252 32.257377
25.801657 28.130653 36.541195 9.526495
22.083297 46.168297 17.246669 14.501736
13.363744 61.272323 9.368562 15.995371
9.012985 89.891400 0.880116 0.215498
20.212546 20.364864 39.918517 19.504073
48.495923 36.421830 1.443002 13.639245
57.058245 2.217856 22.356075 18.367824
25.465991 11.119598 21.243934 42.170477
5.013841 6.305474 63.143073 25.537612
64.485479 23.059917 10.081665 2.372939
63.605421 35.451557 0.396698 0.546324
9.435526 33.751216 17.914199 38.899058
10.696087 29.542568 1.763641 57.997704
88.730340 10.512801 0.500561 0.256298
7.894421 83.413907 4.454724 4.236948
22.973957 47.020245 18.287173 11.718626
55.126617 0.301100 19.116010 25.456273
48.022890 14.146366 37.210757 0.619987
3.935705 26.710982 56.311072 13.042241
3.927207 21.113230 15.363885 59.595678
86.260049 9.650471 1.131606 2.957875
22.859746 40.292206 19.156667 17.691381
24.310084 5.366115 26.565386 43.758415
42.890814 34.058556 7.098725 15.951906
2.182468 18.133704 2.616651 77.067177
27.488737 34.378386 27.065533 11.067344
52.569100 18.548183 22.604096 6.278622
8.133007 1.611553 2.434944 87.820496
19.938354 19.271827 55.216754 5.573065
21.468749 59.426664 10.424235 8.680352
40.549982 47.706495 1.220334 10.523188
5.410915 7.629644 20.745321 66.214119
27.443050 65.452241 4.398731 2.705978
4.645879 62.446013 27.823305 5.084803
15.400884 5.214369 54.191046 25.193700
17.794442 24.137990 42.292017 15.775551
45.812899 0.798020 37.616923 15.772158
59.579935 24.049937 4.672683 11.697445
25.349006 16.314863 21.476142 36.859989
19.942598 11.052000 13.869734 55.135668
6.223654 18.795420 28.388725 46.592200
3.223068 38.819231 2.085395 55.872307
4.191419 1.292757 44.276800 50.239024
78.180049 18.591093 0.818768 2.410090
25.492681 32.278858 16.187985 26.040477
16.855779 16.873278 22.884479 43.386464
6.024634 3.243838 11.250411 79.481118
9.471589 3.614748 78.648550 8.265114
5.571544 52.550957 34.045677 7.831822
66.147586 4.069401 27.208915 2.574099
9.896083 8.588978 26.426990 55.087948
15.523634 78.101050 4.944679 1.430638
1.959071 4.446764 35.327391 58.266774
9.956370 81.632729 3.382893 5.028008
44.244724 7.410905 13.787596 34.556775
1.824791 64.244730 17.389280 16.541199
17.480315 42.812052 2.948353 36.759280
12.874721 39.589648 43.807289 3.728342
25.419567 46.106664 11.611271 16.862499
50.041559 22.198804 15.285718 12.473918
0.077696 63.568656 26.793439 9.560210
37.105311 7.787416 46.330001 8.777272
9.468863 70.147825 10.887440 9.495873
7.449415 71.138798 17.278025 4.133761
9.160652 66.754140 10.356044 13.729164
57.738657 9.786597 24.800807 7.673939
6.865893 54.036845 28.227300 10.869963
13.711303 17.689191 27.392069 41.207436
26.197087 67.699211 0.957272 5.146430
0.439088 0.003430 1.473598 98.083884
22.884791 52.752283 6.221777 18.141149
1.456770 39.657766 58.001293 0.884172
74.689207 13.063715 10.445169 1.801909
22.446208 72.628105 2.356038 2.569649
43.113500 1.925716 6.066871 48.893913
7.955827 22.153734 56.721593 13.168846
3.861204 19.323708 9.888181 66.926907
14.140164 24.300951 8.281245 53.277640
6.338573 21.540086 42.876178 29.245163
