16
0 146802154 97143868 962587862 847090150 288306181 158700505 504347291 136452198 592213490 600789448 93524377 918509820 856951064 164655166 261189458
146802154 0 586780255 396068519 274191325 389057376 632571335 448948816 953488473 685064326 438701465 968244204 811626104 453733482 856317053 187378954
97143868 586780255 0 142910670 106557257 59420992 80443619 880990438 93347068 287540088 245760798 446968426 759643671 283840127 761979195 654640554
962587862 396068519 142910670 0 352176942 535380072 520232361 529134642 374890262 528698609 92599324 65509432 522299465 557153750 984140009 668918452
847090150 274191325 106557257 352176942 0 731819841 945647534 506948371 934933454 555274784 913837206 447667453 84781398 637281523 114985909 642550305
288306181 389057376 59420992 535380072 731819841 0 469343631 906687792 392940440 754244695 131675318 51875445 857716894 824659838 294629134 861492603
158700505 632571335 80443619 520232361 945647534 469343631 0 271386343 768987618 41217564 141654368 164708142 845363097 261724036 473983480 810939886
504347291 448948816 880990438 529134642 506948371 906687792 271386343 0 117739740 463078849 229993399 140854181 656227053 65280434 112696831 699190012
136452198 953488473 93347068 374890262 934933454 392940440 768987618 117739740 0 203810116 164154842 337232280 113223168 961422785 593343544 772335141
592213490 685064326 287540088 528698609 555274784 754244695 41217564 463078849 203810116 0 614215280 284210734 41404921 248800775 902348204 762336467
600789448 438701465 245760798 92599324 913837206 131675318 141654368 229993399 164154842 614215280 0 133735516 389345753 570923100 595667496 90849941
93524377 968244204 446968426 65509432 447667453 51875445 164708142 140854181 337232280 284210734 133735516 0 172419927 57822151 494786639 914174870
918509820 811626104 759643671 522299465 84781398 857716894 845363097 656227053 113223168 41404921 389345753 172419927 0 501702990 905573916 4012041
856951064 453733482 283840127 557153750 637281523 824659838 261724036 65280434 961422785 248800775 570923100 57822151 501702990 0 259989695 347326745
164655166 856317053 761979195 984140009 114985909 294629134 473983480 112696831 593343544 902348204 595667496 494786639 905573916 259989695 0 343502178
261189458 187378954 654640554 668918452 642550305 861492603 810939886 699190012 772335141 762336467 90849941 914174870 4012041 347326745 343502178 0
