8
0 765242658 197691388 972356382 568474644 368480888 110151261 147512332
765242658 0 536472856 773386045 817640077 100988503 505814583 146993061
197691388 536472856 0 513118584 606377902 648860501 127099259 577422296
972356382 773386045 513118584 0 992343548 821168784 767955905 284737228
568474644 817640077 606377902 992343548 0 634014743 138304864 941411930
368480888 100988503 648860501 821168784 634014743 0 123208902 64338229
110151261 505814583 127099259 767955905 138304864 123208902 0 10993526
147512332 146993061 577422296 284737228 941411930 64338229 10993526 0
