1000 3
0.024967 0.036070 99.938963
3.903095 3.305377 92.791528
17.827129 42.611727 39.561144
3.089973 17.674821 79.235206
58.808315 30.250799 10.940886
22.726859 56.596851 20.676290
35.575459 62.013579 2.410962
8.391535 35.115652 56.492813
3.856845 43.510934 52.632221
4.771265 2.177799 93.050935
53.084097 1.504360 45.411542
28.280032 48.818879 22.901090
31.560837 11.104040 57.335124
24.363112 47.511030 28.125858
15.095904 21.953567 62.950529
48.595048 49.164894 2.240059
10.499852 82.511409 6.988739
22.299389 2.640337 75.060274
66.849527 30.223748 2.926725
5.821182 19.362692 74.816126
10.359084 22.329292 67.311625
87.768799 0.228271 12.002930
1.915862 48.915767 49.168371
23.520317 57.222504 19.257179
14.099182 21.940126 63.960692
58.451576 9.897678 31.650746
8.454303 0.200746 91.344951
20.563709 37.613726 41.822565
11.228979 42.547687 46.223334
36.569857 49.162740 14.267403
0.900692 16.708488 82.390820
3.753948 3.054732 93.191321
0.713206 61.111190 38.175604
2.808670 8.919593 88.271737
2.926543 13.629748 83.443709
16.483162 10.757660 72.759178
12.910464 9.731218 77.358318
18.111941 3.647756 78.240303
2.300931 1.452846 96.246223
45.777085 33.784669 20.438246
57.260108 1.793208 40.946684
48.819871 10.694274 40.485855
9.481824 7.446794 83.071383
0.979117 3.064585 95.956297
0.763897 39.804358 59.431745
8.154805 5.746376 86.098819
9.877991 15.962031 74.159978
5.910921 48.448648 45.640431
23.549230 58.679842 17.770928
5.104599 3.413117 91.482284
17.003824 20.372194 62.623981
1.321830 41.947312 56.730857
42.511051 13.401910 44.087039
1.266348 2.328733 96.404920
8.367847 4.758164 86.873989
0.387995 0.439056 99.172948
1.890523 12.291428 85.818049
9.733943 0.712543 89.553514
36.903612 62.547055 0.549333
16.730295 28.366906 54.902799
18.966669 7.633264 73.400067
3.833582 14.590442 81.575976
28.103472 41.967025 29.929502
43.875816 21.464313 34.659871
27.336388 1.222834 71.440779
22.396310 11.979739 65.623951
10.135707 71.006906 18.857387
7.513187 10.211963 82.274850
52.341197 30.284616 17.374187
26.781971 7.816864 65.401166
21.923036 16.902611 61.174352
18.544003 14.989736 66.466262
31.669479 20.663661 47.666860
5.730731 23.545675 70.723594
76.577354 2.810445 20.612201
9.341095 30.513027 60.145878
21.328055 67.224452 11.447493
13.261461 26.198972 60.539567
0.864967 60.883133 38.251900
83.344173 9.456511 7.199316
12.726704 15.560903 71.712394
63.175902 23.322710 13.501389
50.426933 22.149134 27.423933
19.889831 3.304236 76.805933
2.061433 3.959869 93.978698
91.277340 2.713565 6.009095
33.084142 10.789268 56.126591
53.415569 41.377973 5.206458
39.880989 37.654336 22.464675
0.620930 1.640492 97.738578
66.588383 16.449429 16.962188
36.207362 38.758304 25.034333
53.879534 2.359976 43.760491
64.049193 31.250957 4.699850
0.522751 14.922667 84.554582
10.805369 7.108997 82.085635
37.009282 24.995174 37.995544
33.212144 6.980733 59.807123
22.889154 16.653679 60.457167
33.832334 26.554641 39.613025
36.769312 45.713063 17.517624
18.502415 20.619262 60.878323
44.520649 49.882257 5.597095
11.739870 18.101129 70.159001
18.600290 28.340229 53.059481
45.659543 48.123836 6.216620
9.967281 29.847166 60.185553
60.215629 4.978011 34.806360
7.889031 4.702906 87.408063
47.240275 35.104767 17.654958
8.774955 40.091283 51.133763
37.877584 12.111734 50.010681
40.374514 23.042949 36.582537
28.665933 20.243030 51.091037
1.270749 11.745395 86.983856
53.312199 4.816406 41.871395
19.535458 1.958728 78.505814
2.543353 2.922512 94.534135
53.071259 6.601582 40.327158
1.106523 10.939133 87.954344
13.637190 57.190167 29.172643
37.417076 8.922229 53.660695
48.018240 34.247454 17.734306
27.761881 25.676029 46.562090
38.826302 54.850263 6.323435
4.120622 71.015948 24.863430
6.332981 76.506461 17.160558
12.931769 13.518623 73.549608
4.145243 15.230959 80.623798
13.827123 30.388094 55.784783
12.960153 14.152491 72.887356
34.441298 38.940458 26.618244
8.815594 76.874277 14.310129
5.234025 1.388491 93.377483
1.034880 11.041295 87.923826
37.071113 5.825704 57.103183
3.163447 9.434593 87.401959
69.885010 10.680804 19.434187
45.225176 0.836410 53.938414
4.180880 6.540273 89.278848
79.486918 9.181559 11.331523
20.694935 5.642539 73.662526
10.572837 30.733965 58.693197
1.030222 11.815018 87.154759
26.527201 43.317460 30.155339
34.560400 1.237812 64.201788
16.253833 2.801924 80.944243
83.427736 7.804297 8.767968
73.143435 17.664390 9.192175
32.469770 1.845242 65.684988
1.228608 25.899295 72.872097
3.739577 48.270067 47.990356
28.954454 59.829993 11.215552
90.850170 4.364528 4.785302
37.160437 32.830713 30.008850
29.334493 6.851304 63.814203
2.117638 37.760898 60.121464
6.191408 60.543417 33.265175
8.002903 43.344489 48.652608
2.771709 0.081772 97.146519
4.679319 3.231079 92.089602
1.832513 9.648550 88.518937
7.645922 21.557240 70.796838
2.641467 22.237222 75.121311
1.146819 4.575401 94.277779
5.110800 53.280265 41.608936
55.000317 28.461703 16.537980
22.614776 74.504276 2.880947
39.897861 29.138059 30.964080
0.754319 66.410817 32.834864
21.447517 74.533196 4.019288
12.187381 44.918854 42.893765
11.602486 31.147842 57.249672
5.014403 0.216470 94.769127
5.183378 37.978950 56.837672
13.859817 4.420770 81.719413
56.863996 22.929699 20.206305
6.215424 30.989691 62.794885
0.674663 0.362966 98.962371
0.854324 14.810827 84.334849
46.034118 6.402785 47.563097
0.672957 26.152813 73.174230
45.488378 17.352285 37.159337
1.353481 62.735389 35.911130
43.644854 32.489672 23.865474
32.839537 18.587203 48.573260
66.169499 2.893888 30.936613
5.383998 23.489564 71.126438
15.794288 30.041461 54.164251
0.639735 28.233827 71.126438
19.978255 30.096516 49.925230
1.745533 7.300153 90.954314
1.089950 83.742351 15.167699
52.233575 4.802467 42.963958
70.602388 10.567692 18.829920
30.595801 2.449641 66.954558
5.058384 1.005644 93.935972
14.847007 50.868499 34.284494
47.310392 2.840674 49.848933
17.870789 49.044095 33.085116
24.497433 61.482364 14.020203
7.479370 73.644932 18.875698
20.195639 17.223106 62.581256
16.598435 18.409348 64.992218
23.991383 26.828039 49.180578
1.629835 1.187023 97.183142
1.271534 7.264493 91.463973
9.797809 43.408160 46.794031
12.703485 62.787100 24.509415
92.228434 0.935420 6.836146
13.114546 6.206722 80.678732
3.173669 71.425775 25.400555
44.759698 50.100985 5.139317
64.485575 14.798461 20.715964
30.970794 2.437818 66.591388
45.662396 2.041087 52.296518
2.542742 25.055146 72.402112
19.209086 48.303960 32.486953
35.565355 16.770837 47.663808
85.163188 1.997675 12.839137
3.248912 9.263677 87.487411
40.756802 29.594466 29.648732
25.155750 32.969803 41.874447
45.346356 11.592027 43.061617
14.978311 42.384279 42.637410
28.925174 16.983820 54.091006
50.677892 17.680518 31.641591
58.342145 7.696858 33.960997
0.111651 0.074512 99.813837
28.274415 21.608089 50.117496
0.714834 3.032839 96.252327
17.972938 58.729232 23.297830
64.882287 18.268444 16.849269
78.394455 21.584182 0.021363
67.895938 0.337345 31.766717
18.875713 6.219657 74.904630
27.944314 10.908800 61.146886
33.421821 19.457600 47.120579
9.115365 32.420327 58.464309
13.674371 40.868309 45.457320
69.546337 19.616540 10.837123
68.676239 25.040000 6.283761
52.926144 31.329356 15.744499
5.109759 56.085956 38.804285
24.486304 32.064494 43.449202
35.025735 2.954550 62.019715
8.685962 46.750911 44.563128
20.780707 31.485292 47.734001
47.560328 40.351291 12.088382
37.540654 8.475155 53.984191
0.419176 42.236545 57.344279
0.209110 16.502826 83.288064
24.450216 66.446112 9.103671
0.028962 49.917631 50.053407
1.766086 2.830002 95.403912
7.802266 0.639154 91.558580
51.257517 31.475110 17.267373
79.293001 13.855594 6.851405
21.313871 4.806921 73.879208
18.241174 23.785865 57.972961
30.576424 20.990702 48.432875
79.843226 2.340068 17.816706
13.151501 72.709274 14.139225
0.804058 0.087082 99.108860
29.439521 0.840944 69.719535
13.366558 37.895382 48.738060
5.582791 30.691510 63.725700
7.402855 50.628091 41.969054
60.747508 22.076675 17.175817
23.731691 15.478490 60.789819
68.209616 28.048814 3.741569
3.222693 5.972534 90.804773
0.245674 2.790918 96.963408
15.347924 63.551578 21.100497
38.647321 17.540307 43.812372
16.428946 2.187345 81.383709
2.782881 23.203630 74.013489
45.938307 53.268212 0.793481
39.629085 55.899954 4.470962
27.787028 49.406490 22.806482
4.041707 47.751256 48.207038
25.905915 13.566725 60.527360
9.831949 3.046862 87.121189
45.594508 27.601085 26.804407
28.135170 53.819236 18.045595
1.705772 74.755301 23.538926
60.383211 8.210191 31.406598
16.534434 58.943944 24.521622
59.398135 8.771060 31.830805
40.070381 23.716355 36.213263
21.222545 18.591902 60.185553
15.540284 13.632359 70.827357
30.164363 43.519526 26.316111
67.239884 16.664654 16.095462
7.271186 80.808284 11.920530
34.411243 29.494516 36.094241
12.664913 34.434303 52.900784
2.454733 10.070063 87.475204
3.181086 36.212206 60.606708
2.611645 11.863284 85.525071
6.406424 2.303559 91.290017
46.323357 49.278926 4.397717
37.886952 38.915929 23.197119
20.336424 33.751531 45.912046
5.145504 44.196822 50.657674
26.116804 12.635599 61.247597
24.884123 20.591508 54.524369
25.802577 14.225500 59.971923
14.154452 27.494158 58.351390
0.436432 8.807625 90.755943
14.297728 55.983348 29.718925
26.013767 45.881738 28.104495
23.124826 40.851126 36.024049
36.797924 13.624757 49.577319
21.863364 63.994359 14.142277
39.746585 22.523382 37.730033
34.954049 1.710889 63.335063
7.637026 1.033282 91.329691
3.793039 75.420804 20.786157
16.430308 3.522694 80.046999
21.243084 49.654465 29.102451
37.145044 35.724001 27.130955
37.263244 7.519617 55.217139
28.959325 16.681106 54.359569
4.345150 25.660649 69.994201
24.166877 2.167545 73.665578
38.013857 13.998839 47.987304
36.552275 3.594824 59.852901
1.922857 1.400608 96.676534
8.628192 2.669761 88.702048
8.650625 16.789604 74.559771
24.866374 0.228996 74.904630
41.266875 51.228624 7.504501
4.410686 1.421401 94.167913
35.432417 1.842891 62.724693
54.798093 21.327277 23.874630
3.948432 6.351565 89.700003
12.917107 0.401170 86.681722
4.933915 7.532896 87.533189
5.135261 63.461193 31.403546
43.880863 48.129391 7.989746
50.615964 13.778091 35.605945
24.277905 22.018674 53.703421
15.060549 20.725456 64.213996
10.537360 8.640471 80.822169
14.450083 16.956515 68.593402
10.265719 24.174419 65.559862
15.397006 24.206864 60.396130
3.903967 52.103602 43.992431
17.298717 38.077119 44.624165
7.998440 7.562948 84.438612
20.434574 33.351247 46.214179
67.497352 30.647123 1.855525
46.534436 38.892975 14.572588
4.023472 22.359779 73.616749
41.392199 18.204347 40.403455
13.435458 20.583525 65.981017
20.978573 9.790188 69.231239
24.241732 45.023077 30.735191
15.447219 38.594958 45.957823
5.783050 12.906485 81.310465
16.020850 9.105039 74.874111
91.926342 0.346371 7.727287
9.799892 60.758902 29.441206
5.170517 54.972309 39.857173
1.505861 2.196034 96.298105
78.280888 3.496510 18.222602
3.358087 8.870680 87.771233
17.256084 0.884118 81.859798
35.302111 57.333772 7.364116
62.315420 5.200679 32.483901
36.888996 60.590175 2.520829
5.658065 9.885012 84.456923
3.179954 7.754828 89.065218
35.345317 4.832301 59.822382
0.996403 17.284184 81.719413
18.653790 43.481895 37.864315
65.513735 19.449795 15.036470
16.956103 64.522213 18.521683
7.646874 3.208560 89.144566
14.843146 76.117272 9.039583
41.701586 33.654718 24.643696
2.732658 4.005829 93.261513
1.209312 37.677373 61.113315
2.273276 4.858899 92.867824
4.653088 11.851322 83.495590
8.661319 11.303890 80.034791
14.975531 74.227020 10.797449
12.568862 36.630027 50.801111
65.415777 3.076914 31.507309
56.347306 25.082181 18.570513
34.574140 45.420977 20.004883
23.259685 39.660326 37.079989
80.863568 0.681889 18.454543
53.845119 33.889492 12.265389
57.447778 24.076316 18.475906
32.932870 54.707133 12.359996
67.332013 5.665210 27.002777
57.345888 7.060375 35.593738
21.344505 27.964251 50.691244
18.797866 36.291095 44.911039
11.824290 4.912060 83.263649
22.584077 48.386716 29.029206
18.184295 51.660366 30.155339
0.253007 0.476386 99.270608
30.389150 14.772140 54.838710
5.026766 13.501022 81.472213
5.270864 13.522434 81.206702
67.603563 19.966248 12.430189
5.507038 58.121002 36.371960
79.785891 20.040154 0.173956
29.012181 2.684343 68.303476
8.687616 33.806356 57.506027
26.331800 51.078400 22.589801
11.130135 20.715930 68.153935
36.575072 50.597999 12.826930
4.974025 0.122566 94.903409
23.986630 7.154457 68.858913
1.256115 9.626785 89.117100
0.025092 2.593396 97.381512
28.668781 60.347607 10.983612
6.005631 54.787240 39.207129
0.694370 79.419769 19.885861
26.178458 16.242270 57.579272
9.337181 46.401825 44.260994
29.018512 29.073471 41.908017
2.487357 7.190062 90.322581
10.367073 28.287671 61.345256
0.512204 0.443026 99.044771
13.745980 33.756080 52.497940
55.959534 33.307106 10.733360
2.117053 22.163474 75.719474
31.300740 22.073081 46.626179
18.529519 57.138073 24.332408
8.993504 24.192323 66.814173
72.996727 5.860050 21.143223
23.333053 62.716936 13.950011
7.261325 6.096627 86.642048
19.704603 78.241502 2.053896
53.453468 33.289291 13.257241
25.047410 15.160726 59.791864
23.106345 46.835975 30.057680
4.757274 7.572204 87.670522
6.631734 1.156590 92.211676
40.907980 20.681424 38.410596
18.467894 1.848277 79.683828
9.449506 10.537066 80.013428
41.658838 18.899041 39.442122
46.429138 2.830788 50.740074
24.782680 19.594285 55.623035
4.716068 29.769848 65.514084
12.157029 5.858047 81.984924
11.703644 5.246336 83.050020
76.931523 2.029016 21.039460
0.360474 6.555020 93.084506
9.571665 6.166730 84.261605
40.871523 26.006739 33.121738
27.589553 54.721919 17.688528
2.922520 3.034693 94.042787
66.052141 6.566652 27.381207
21.907085 54.166404 23.926511
10.946894 0.064184 88.988922
5.686896 4.771797 89.541307
15.160628 8.897113 75.942259
20.960956 74.259846 4.779199
7.524936 1.938854 90.536210
14.087724 0.423827 85.488449
5.380680 62.300218 32.319102
28.940329 31.028542 40.031129
0.168097 11.651722 88.180181
30.229359 14.806806 54.963836
1.710643 19.823217 78.466140
0.166375 14.607635 85.225990
52.288487 4.158548 43.552965
71.870543 19.981015 8.148442
79.920847 14.872695 5.206458
25.258295 23.961957 50.779748
12.824779 0.047928 87.127293
20.224629 30.033252 49.742119
33.965195 36.990339 29.044465
0.075772 46.770140 53.154088
14.772921 6.471014 78.756066
71.355236 4.767083 23.877682
0.421436 3.133970 96.444594
44.452666 2.027023 53.520310
41.758058 2.527351 55.714591
3.969704 49.471258 46.559038
16.391823 7.968051 75.640126
1.745865 14.309922 83.944212
5.470765 26.262382 68.266854
28.196601 46.228888 25.574511
13.386201 50.693513 35.920286
33.191349 5.774684 61.033967
2.236257 95.075063 2.688681
16.615352 15.468757 67.915891
81.654712 3.900877 14.444411
3.541265 9.313131 87.145604
5.355350 2.808351 91.836299
2.707030 22.592814 74.700156
27.324140 2.153689 70.522172
50.420979 10.555003 39.024018
60.450379 26.383936 13.165685
14.012448 62.384537 23.603015
13.619578 58.968697 27.411725
33.332211 22.669254 43.998535
20.498264 5.180010 74.321726
18.582548 42.649789 38.767663
70.845310 27.531105 1.623585
12.514875 43.852812 43.632313
11.619435 2.242072 86.138493
13.734831 38.030664 48.234504
75.018803 5.260136 19.721061
24.047024 31.038885 44.914090
56.048028 20.742645 23.209326
32.486584 38.664269 28.849147
61.605317 15.798779 22.595904
8.850675 32.227239 58.922086
24.296016 3.759649 71.944334
50.687736 10.599535 38.712729
24.721440 17.980058 57.298502
41.510229 31.499201 26.990570
6.272730 27.633334 66.093936
30.602801 32.329418 37.067782
10.759825 32.939629 56.300546
62.225731 3.386012 34.388256
77.769172 12.425231 9.805597
7.640921 0.608232 91.750847
43.285441 52.399242 4.315317
25.286765 63.216912 11.496323
7.397028 4.413635 88.189337
22.511559 3.389500 74.098941
1.281755 6.128139 92.590106
50.379713 27.158664 22.461623
24.303452 10.380834 65.315714
43.374235 15.257925 41.367840
37.682737 1.634258 60.683004
31.236316 27.374482 41.389203
11.164652 19.012050 69.823298
71.243831 22.081771 6.674398
60.307173 13.892479 25.800348
63.972380 20.032869 15.994751
5.495498 26.585559 67.918943
2.483389 1.123899 96.392712
0.308819 0.133700 99.557482
2.468209 78.732389 18.799402
54.056032 21.996093 23.947874
0.658140 4.255340 95.086520
5.108990 2.609141 92.281869
0.902767 13.318858 85.778375
5.405198 46.155824 48.438978
12.405749 9.653030 77.941221
56.518796 38.653175 4.828028
22.912553 34.547697 42.539750
3.106929 63.258621 33.634449
60.823323 8.505575 30.671102
55.440825 36.703710 7.855464
65.458833 16.526091 18.015076
11.678068 11.763199 76.558733
27.802716 15.246693 56.950591
1.533549 89.829713 8.636738
15.449597 38.943542 45.606861
0.051632 10.391802 89.556566
25.245744 1.424382 73.329875
2.154950 92.498207 5.346843
38.354849 9.778944 51.866207
1.063121 0.600138 98.336741
7.021372 1.316285 91.662343
64.682919 6.449623 28.867458
32.500337 34.832651 32.667013
40.977784 31.503676 27.518540
5.236662 5.750001 89.013337
26.560390 1.367098 72.072512
50.054521 33.053484 16.891995
6.097543 20.212464 73.689993
27.869152 7.022660 65.108188
85.093558 8.271718 6.634724
5.475974 76.945364 17.578661
6.363896 27.697812 65.938292
11.608496 1.163500 87.228004
2.175873 10.492361 87.331767
17.521326 11.871050 70.607624
44.836945 41.255770 13.907285
2.495430 74.862888 22.641682
27.261297 28.926331 43.812372
19.862179 19.268654 60.869167
52.783916 3.867593 43.348491
4.825219 36.640280 58.534501
14.236877 25.836978 59.926145
7.853470 56.207933 35.938597
33.729500 47.120136 19.150365
4.851897 85.736195 9.411908
2.387922 57.114016 40.498062
74.539463 18.212391 7.248146
26.048339 18.047855 55.903806
46.516731 41.440665 12.042604
6.232009 28.122677 65.645314
37.598659 23.645886 38.755455
52.368573 31.697713 15.933714
45.372876 46.753349 7.873775
3.911216 63.540794 32.547990
46.334331 30.554002 23.111667
4.146308 0.983854 94.869839
22.434168 64.632087 12.933744
7.079639 8.146045 84.774316
39.080899 15.571648 45.347453
4.039604 1.304187 94.656209
5.513502 19.197335 75.289163
15.445542 55.506941 29.047517
21.629558 44.342304 34.028138
3.284008 12.582565 84.133427
17.682999 62.391466 19.925535
0.024967 0.036070 99.938963
0.024967 0.036070 99.938963
25.151536 27.779767 47.068697
9.177039 9.604052 81.218909
26.112704 24.050570 49.836726
11.446049 26.308399 62.245552
42.257581 40.044735 17.697684
20.685833 56.513789 22.800378
5.936728 62.223312 31.839961
5.356482 32.462055 62.181463
58.263581 37.942968 3.793451
1.449366 53.517521 45.033113
15.362384 21.653516 62.984100
31.423210 4.378053 64.198737
1.918213 0.892541 97.189245
6.140541 13.968105 79.891354
16.814510 2.876032 80.309458
52.389957 2.952308 44.657735
7.415455 20.753129 71.831416
5.127937 21.462840 73.409223
71.625477 6.062441 22.312082
17.634725 14.373087 67.992187
0.684106 29.980892 69.335002
18.695535 25.718052 55.586413
7.714546 34.046982 58.238472
28.311910 21.308135 50.379955
27.412377 0.554785 72.032838
0.192510 1.980408 97.827082
72.229954 22.893188 4.876858
8.718860 80.364669 10.916471
11.681644 24.821545 63.496811
0.389927 41.777498 57.832575
30.629505 38.501022 30.869472
53.644253 36.064905 10.290841
19.384396 3.989730 76.625874
60.103025 27.836060 12.060915
24.084049 27.431195 48.484756
15.994824 7.058858 76.946318
68.439441 2.415382 29.145177
21.853337 2.521796 75.624866
6.192695 0.866236 92.941069
45.663504 33.574754 20.761742
29.299244 23.998281 46.702475
84.987455 5.301555 9.710990
5.777715 5.041097 89.181188
2.593563 63.182980 34.223457
2.101457 24.525942 73.372600
38.869060 44.614323 16.516617
69.937073 23.885980 6.176946
2.660499 16.245718 81.093783
20.328071 9.943239 69.728690
74.036495 4.298415 21.665090
0.650755 0.603556 98.745689
13.322754 14.095075 72.582171
1.023497 0.597036 98.379467
43.636642 12.242749 44.120609
27.827876 35.366802 36.805322
9.621175 59.362863 31.015961
1.906636 1.068919 97.024445
1.026245 45.355786 53.617969
13.913973 63.874656 22.211371
9.417028 49.559991 41.022980
35.063689 25.945864 38.990448
60.237399 24.170694 15.591906
4.282872 2.684503 93.032624
8.957958 2.849653 88.192389
17.672768 1.038130 81.289102
66.388305 10.036147 23.575549
50.253469 34.398773 15.347758
1.293325 13.462375 85.244301
96.148005 3.702454 0.149541
5.376487 75.473148 19.150365
11.451300 25.988807 62.559893
9.247340 5.041427 85.711234
20.265588 65.650120 14.084292
0.440945 0.212151 99.346904
5.165798 12.663115 82.171087
4.797915 10.098170 85.103916
0.441375 5.140460 94.418165
61.807682 26.619699 11.572619
3.041786 46.868184 50.090030
3.785638 86.625446 9.588916
16.828865 19.833020 63.338115
16.068740 47.891952 36.039308
32.059311 55.510500 12.430189
0.515313 7.330996 92.153691
11.497102 9.041855 79.461043
28.899203 15.422828 55.677969
5.272501 79.916866 14.810633
56.872564 6.847032 36.280404
86.843730 2.309992 10.846278
13.017344 73.414127 13.568529
50.050415 30.817531 19.132054
26.188513 6.692129 67.119358
2.299395 2.122737 95.577868
11.522093 30.623969 57.853938
23.062696 69.039114 7.898190
29.439731 0.395164 70.165105
6.974095 3.249606 89.776299
20.574547 5.265475 74.159978
15.991049 7.999551 76.009400
32.450103 50.142139 17.407758
65.671642 31.154433 3.173925
32.342447 62.127599 5.529954
40.747648 49.217866 10.034486
1.421903 17.533143 81.044954
11.710593 66.139073 22.150334
24.299410 15.862949 59.837642
3.360065 41.596752 55.043184
16.925249 48.466761 34.607990
38.396806 41.323644 20.279550
18.578383 76.718715 4.702902
15.735087 15.384637 68.880276
58.089186 0.243893 41.666921
32.155221 11.467937 56.376843
5.667430 44.401236 49.931333
17.352585 18.686723 63.960692
30.503371 37.513231 31.983398
9.219784 30.741152 60.039064
70.095007 12.491131 17.413862
24.064463 39.346896 36.588641
27.856879 6.946429 65.196692
68.268565 27.022429 4.709006
0.144013 1.281201 98.574786
11.746632 4.522786 83.730583
14.263170 3.758010 81.978820
6.502747 25.285333 68.211921
0.093727 0.638718 99.267556
28.297307 64.387406 7.315287
50.281476 6.989559 42.728965
7.750871 11.457479 80.791650
19.955277 7.834878 72.209845
89.604435 4.343745 6.051820
0.821984 45.456284 53.721732
30.899721 8.423378 60.676901
49.751462 13.339453 36.909085
40.703372 4.595252 54.701376
1.546763 17.658535 80.794702
17.585634 45.300807 37.113559
7.851547 5.066938 87.081515
22.755406 6.359252 70.885342
43.689494 5.796269 50.514237
22.877059 16.195789 60.927152
9.283752 5.154555 85.561693
8.710971 21.908250 69.380779
51.869300 9.280637 38.850063
11.411548 86.040157 2.548296
1.753954 51.510001 46.736045
36.748272 59.336203 3.915525
15.399901 37.256736 47.343364
35.473814 26.948745 37.577441
64.113407 29.413617 6.472976
0.786010 2.735826 96.478164
11.086983 22.129363 66.783654
8.346126 71.829050 19.824824
0.008121 20.460644 79.531236
28.959847 16.955250 54.084902
30.642612 40.984330 28.373058
10.310869 47.829943 41.859188
20.712621 74.810314 4.477065
6.302608 20.584199 73.113193
30.406586 27.184894 42.408521
16.440969 0.509012 83.050020
9.219934 14.654696 76.125370
15.363370 53.568787 31.067843
65.766134 9.785488 24.448378
25.208914 29.672522 45.118564
33.505521 1.053639 65.440840
24.650698 9.453736 65.895566
34.996391 56.028116 8.975494
2.727054 22.087546 75.185400
4.410409 68.614281 26.975311
45.938422 11.280732 42.780847
35.939367 13.470100 50.590533
4.486112 19.196251 76.317637
1.444262 4.766255 93.789483
9.398253 82.172535 8.429212
82.521672 4.819251 12.659078
67.078504 27.351868 5.569628
0.497368 39.643628 59.859004
5.814830 61.298424 32.886746
42.703649 13.789163 43.507187
40.312026 0.149414 59.538560
48.831318 1.161052 50.007630
56.481856 4.707755 38.810389
27.772187 32.160061 40.067751
45.943902 6.651697 47.404401
10.776411 11.883582 77.340007
80.702812 1.007445 18.289743
0.450493 0.471166 99.078341
23.636526 24.881800 51.481674
11.619262 0.243282 88.137455
62.427146 0.447087 37.125767
23.574354 20.692744 55.732902
18.375365 6.362939 75.261696
0.299088 5.398717 94.302194
54.401837 18.961608 26.636555
32.374508 57.761910 9.863582
7.841386 13.195023 78.963591
6.393781 0.338602 93.267617
18.737458 18.308960 62.953581
12.526907 47.853964 39.619129
61.140701 36.286588 2.572710
20.641097 3.935459 75.423444
2.058260 64.127231 33.814508
80.404894 16.982722 2.612384
13.971104 9.616652 76.412244
52.876806 28.082696 19.040498
1.177776 5.954399 92.867824
9.893680 65.480935 24.625385
10.358580 70.494107 19.147313
15.116178 12.191784 72.692038
10.995483 87.551836 1.452681
12.052883 12.200176 75.746941
33.601675 43.018095 23.380230
2.768121 72.069367 25.162511
13.006917 29.065901 57.927183
43.506749 22.419335 34.073916
18.613615 52.729504 28.656880
24.247733 12.853619 62.898648
80.047781 5.526120 14.426099
16.260584 46.876109 36.863308
12.263017 5.697126 82.039857
30.238207 54.868761 14.893033
0.671482 18.134024 81.194494
79.761835 1.020660 19.217505
8.086267 5.775240 86.138493
6.968760 7.890702 85.140538
22.633979 59.018293 18.347728
23.430765 36.321424 40.247810
45.722054 19.611972 34.665975
8.062987 19.400620 72.536393
27.773263 57.016312 15.210425
0.879169 2.374104 96.746727
20.566556 43.940417 35.493027
7.005895 14.677506 78.316599
36.870842 6.053441 57.075716
53.760745 21.882433 24.356822
46.740780 32.091582 21.167638
9.315384 89.723283 0.961333
3.626617 16.851303 79.522080
10.345995 3.387334 86.266671
25.535893 27.465602 46.998505
53.566526 27.798872 18.634602
42.646069 47.148542 10.205390
34.137664 16.523062 49.339274
7.473190 15.961973 76.564837
27.845610 13.064452 59.089938
1.307362 0.529852 98.162786
46.653532 5.523964 47.822504
0.121409 45.085659 54.792932
6.917532 35.979285 57.103183
8.088493 61.328909 30.582598
33.882644 31.610077 34.507279
25.621221 5.889140 68.489639
0.473610 0.130657 99.395734
19.991229 42.861641 37.147130
39.343619 41.264920 19.391461
4.787295 0.825059 94.387646
38.130803 4.830103 57.039094
1.776190 16.434204 81.789605
1.559839 2.572367 95.867794
7.469635 57.833871 34.696493
6.204156 88.394068 5.401776
44.554275 13.443100 42.002625
36.205503 9.419669 54.374828
10.182895 49.666954 40.150151
26.490220 41.953641 31.556139
4.358561 19.992158 75.649281
6.823402 9.580297 83.596301
38.938545 40.507239 20.554216
17.338927 53.457911 29.203162
8.507910 16.254809 75.237281
26.854258 14.040545 59.105197
21.880371 35.293004 42.826624
15.673210 3.239111 81.087680
62.663574 27.607125 9.729301
76.003031 4.443760 19.553209
46.828182 36.618579 16.553240
15.787447 55.281006 28.931547
44.329102 1.824040 53.846858
44.347848 25.310650 30.341502
11.050789 21.924460 67.024751
8.689912 60.455875 30.854213
64.097994 31.058719 4.843287
35.957804 29.260250 34.781945
1.794102 2.408296 95.797601
19.148235 74.568004 6.283761
3.884767 9.287022 86.828211
0.941837 6.278842 92.779321
29.436563 41.842468 28.720969
1.902066 29.702902 68.395032
55.740513 1.716684 42.542802
20.785448 72.219710 6.994842
38.322681 10.168178 51.509140
46.483711 9.505546 44.010743
79.282861 8.051957 12.665181
31.602823 31.860418 36.536760
44.904233 22.337199 32.758568
7.746422 11.208624 81.044954
37.372128 60.009384 2.618488
0.900724 0.997528 98.101749
5.417070 60.057340 34.525590
16.698913 39.891559 43.409528
23.345755 39.812300 36.841945
8.476527 36.855667 54.667806
84.466554 5.187671 10.345775
0.436325 6.112947 93.450728
78.217099 21.175582 0.607318
3.898415 4.433138 91.668447
5.417458 3.777769 90.804773
18.161600 19.995693 61.842708
11.835726 18.841480 69.322794
16.605888 2.742847 80.651265
43.202358 0.234637 56.563005
16.499547 78.449639 5.050813
18.615577 56.090682 25.293741
9.924035 59.618492 30.457472
0.617344 0.459959 98.922697
2.810470 46.968271 50.221259
34.952921 2.978534 62.068545
37.805201 36.296792 25.898007
20.080538 12.064608 67.854854
17.291659 55.098246 27.610096
3.867031 19.937406 76.195563
15.594633 30.494420 53.910947
37.099696 55.337817 7.562487
6.185127 3.303078 90.511795
17.451492 36.010833 46.537675
50.008670 32.742269 17.249062
16.336531 4.132233 79.531236
20.485737 56.839011 22.675253
36.193684 62.735116 1.071200
59.180084 5.177349 35.642567
18.050585 8.906414 73.043001
62.362135 4.403208 33.234657
13.269566 15.552114 71.178320
12.452535 53.073757 34.473708
74.623189 22.108278 3.268532
53.217898 7.666529 39.115574
18.023688 48.543285 33.433027
71.266789 7.785306 20.947905
1.050980 2.165671 96.783349
49.202113 15.829779 34.968108
49.946930 11.129763 38.923307
1.541272 50.685053 47.773675
7.688887 27.691221 64.619892
21.365670 28.040745 50.593585
68.991397 0.984493 30.024110
20.512058 15.176287 64.311655
29.752611 7.421986 62.825404
1.161382 2.992187 95.846431
36.089990 19.203445 44.706565
32.333982 12.390894 55.275124
20.794308 38.713734 40.491958
1.214288 5.704259 93.081454
40.536997 51.131449 8.331553
20.872646 12.246040 66.881314
2.995144 21.676019 75.328837
0.280081 2.668008 97.051912
9.066885 77.981059 12.952055
66.215633 13.248462 20.535905
0.157763 3.168755 96.673482
32.498369 65.151706 2.349925
8.235280 7.667915 84.096805
24.451027 61.550133 13.998840
0.194427 3.733305 96.072268
21.663596 40.014312 38.322092
20.832614 44.092463 35.074923
1.029430 88.920824 10.049745
73.352114 1.344990 25.302896
12.269075 36.243147 51.487777
14.896114 76.320659 8.783227
35.254702 52.067909 12.677389
3.568801 14.482897 81.948302
21.555479 2.984455 75.460067
54.538091 38.479274 6.982635
8.400845 60.867016 30.732139
13.018226 4.578747 82.403027
6.145904 5.478596 88.375500
48.888036 43.998099 7.113865
44.698414 26.186928 29.114658
12.219380 65.315945 22.464675
13.214968 28.976872 57.808161
14.830460 18.593412 66.576128
11.868855 20.697446 67.433699
70.809585 3.838690 25.351726
3.272195 23.526108 73.201697
6.569675 78.888256 14.542070
