1000 4
2.245378 3.376131 92.906662 1.471829
12.807209 50.921542 7.471875 28.799374
40.176041 41.131372 6.323088 12.369499
30.915652 15.271061 9.300352 44.512935
4.907431 15.298875 79.175158 0.618537
20.598208 65.097766 10.149061 4.154964
16.361237 12.338370 18.800482 52.499911
6.079393 22.550021 2.842452 68.528135
32.845220 14.983388 6.792296 45.379096
11.866758 5.437237 36.405221 46.290784
0.726957 14.263735 79.013748 5.995560
1.530954 6.217696 76.907564 15.343787
23.283250 13.674665 8.965609 54.076476
35.505055 17.627670 28.134382 18.732893
49.070910 1.904156 32.607483 16.417450
4.847073 1.091829 83.970923 10.090175
1.704034 60.892481 1.904020 35.499466
59.507509 11.002455 23.376390 6.113645
18.181766 16.041690 57.642550 8.133993
11.024198 21.871703 16.203120 50.900979
9.081962 10.593321 25.178233 55.146484
11.077264 9.238907 75.214122 4.469707
12.748159 47.028446 30.413979 9.809417
2.428185 7.316375 46.071123 44.184317
5.988563 28.637738 40.003908 25.369792
17.636342 9.747917 6.400167 66.215575
37.238114 35.176205 20.429753 7.155928
9.076503 60.820039 23.003646 7.099811
1.160421 3.301385 11.671480 83.866714
34.158604 13.142033 12.187743 40.511619
48.753458 46.183522 4.059904 1.003117
0.130347 8.411784 64.565063 26.892806
6.276707 16.529775 46.706708 30.486810
49.159085 27.399648 0.325504 23.115764
9.731885 7.013621 14.439384 68.815110
1.833515 0.842958 22.264387 75.059140
2.029241 0.152832 16.009935 81.807992
7.029817 55.871883 14.538385 22.559915
19.488115 57.726766 13.678581 9.106538
48.763210 24.710101 20.701131 5.825558
6.818842 45.178595 0.490764 47.511800
4.290627 8.432539 4.642583 82.634250
20.507103 7.588237 50.954503 20.950157
3.827192 9.106553 44.522910 42.543346
1.422193 20.102512 6.801655 71.673640
15.148792 27.284143 45.474590 12.092474
9.281149 0.179589 53.226045 37.313217
34.479322 12.207894 36.025625 17.287159
37.340599 30.001544 28.812708 3.845149
10.729109 59.893774 15.980033 13.397084
21.111258 2.348320 13.791151 62.749271
11.574668 43.169434 11.390283 33.865615
21.136861 33.393611 13.296579 32.172948
12.132659 85.810393 0.710487 1.346460
20.256231 20.043461 34.003322 25.696986
7.832409 14.366755 19.617008 58.183828
44.509272 6.542090 42.212915 6.735722
2.694011 68.841375 24.544182 3.920432
13.028603 7.836902 60.584367 18.550128
0.875884 40.778829 40.446583 17.898704
7.307753 17.345099 19.515709 55.831439
1.568462 79.366626 14.873972 4.190941
7.890645 82.386158 0.726710 8.996487
15.226975 24.035087 41.912458 18.825480
0.925915 0.777018 30.985760 67.311307
58.020933 24.241709 12.965642 4.771716
37.819817 8.986421 34.771483 18.422279
30.862136 15.455805 34.777756 18.904302
54.557678 42.747538 1.321527 1.373257
13.142088 84.483572 2.348326 0.026014
32.939172 7.610772 20.064644 39.385413
27.979326 60.225270 0.209507 11.585897
69.256703 6.798475 2.162320 21.782503
41.617757 44.987669 8.752441 4.642133
3.867981 2.284550 31.682507 62.164962
0.978926 11.609959 51.205675 36.205440
6.531324 46.363357 4.281126 42.824194
7.791605 28.864177 33.946485 29.397733
2.170400 81.892834 14.375530 1.561236
18.897903 9.899362 54.377185 16.825549
5.983198 87.330197 6.077879 0.608727
54.408562 14.947803 14.460968 16.182668
8.245202 6.336541 45.507569 39.910688
34.977201 45.158301 16.895159 2.969338
0.816956 21.565319 74.839149 2.778576
4.119214 5.216398 24.916313 65.748075
36.770028 2.430997 51.875904 8.923071
0.759677 20.371339 57.868225 21.000759
1.641652 0.305429 36.845778 61.207142
3.054912 9.729291 4.468988 82.746809
51.465800 42.024602 4.686267 1.823331
1.312106 20.227858 78.335523 0.124513
44.240659 41.092145 9.352144 5.315051
2.079844 0.306703 9.386883 88.226570
8.705295 17.278164 49.744934 24.271607
62.240616 6.712904 28.361287 2.685193
8.583018 0.407735 56.029833 34.979414
2.228875 3.383478 8.255714 86.131932
6.764882 20.662102 22.706337 49.866678
84.442775 7.488131 2.128151 5.940943
4.223971 26.215190 49.488884 20.071954
19.856138 23.303138 45.334497 11.506226
1.980296 2.740917 68.233650 27.045137
63.573856 11.956403 12.135175 12.334566
15.812250 56.019166 15.077633 13.090951
6.378448 58.128526 1.470978 34.022049
37.775149 46.233152 7.226450 8.765249
69.448006 21.616175 1.326997 7.608823
9.923317 68.674053 19.968255 1.434375
57.073145 20.303484 1.812383 20.810988
59.788630 17.401836 7.415692 15.393842
6.333001 5.682136 2.924147 85.060716
49.688384 2.803452 33.724170 13.783993
30.716400 37.339876 6.303541 25.640183
59.298583 37.039196 1.542364 2.119857
33.923220 4.029599 8.515463 53.531719
54.917049 13.511553 28.282932 3.288466
6.029712 53.337945 27.202726 13.429618
22.868378 27.432229 27.392530 22.306863
29.050248 69.265130 1.204021 0.480601
14.560161 19.904391 58.655295 6.880152
1.415278 1.844099 81.869487 14.871136
4.069960 3.864852 63.721012 28.344176
31.717415 26.252494 22.563901 19.466191
0.611979 3.736908 34.836890 60.814222
40.237044 14.568095 25.395299 19.799561
12.430891 49.860439 19.398094 18.310576
33.318007 63.099120 2.754046 0.828827
1.060966 0.907477 16.008999 82.022558
3.199253 21.322369 44.901883 30.576494
0.031803 80.128114 11.730759 8.109324
74.495774 7.962187 7.744473 9.797566
30.134406 36.963589 7.304974 25.597031
8.133565 47.797708 17.424678 26.644049
55.289125 16.075358 10.981595 17.653923
9.154174 7.133555 82.874306 0.837966
43.839033 37.941417 12.135987 6.083563
14.609972 10.506762 59.838968 15.044299
57.701280 4.413042 22.475652 15.410026
44.175860 16.656685 32.208230 6.959225
15.583144 71.211497 0.622647 12.582712
3.171084 6.127906 85.787704 4.913306
3.001553 3.883423 91.341784 1.773241
33.014924 1.193273 25.815156 39.976647
41.488971 6.010037 1.052680 51.448312
5.686354 15.496543 9.645576 69.171527
3.904452 19.188904 18.351788 58.554856
53.103698 32.100928 10.986243 3.809130
67.593114 10.888285 6.686679 14.831922
34.471136 21.542537 32.894100 11.092228
43.115448 39.934572 0.232780 16.717201
18.544782 5.094855 75.286046 1.074316
19.592622 66.777812 4.351295 9.278271
10.410919 37.799170 11.379966 40.409944
36.246289 11.234408 35.561564 16.957739
25.653203 1.825663 50.548118 21.973016
6.395170 33.779396 12.037388 47.788046
81.880474 2.564241 13.084820 2.470464
11.655143 63.389872 23.175913 1.779072
15.644902 82.939039 0.961599 0.454460
17.396950 11.165323 55.110412 16.327315
50.724947 19.296721 16.365624 13.612708
18.785813 73.404501 6.523127 1.286559
21.251536 67.716023 0.852508 10.179933
0.775581 12.628148 6.379693 80.216578
14.738575 80.741633 2.900270 1.619522
6.373095 51.361822 16.609622 25.655462
31.904068 37.534696 9.361343 21.199893
24.012605 14.971739 58.581882 2.433774
0.179114 0.068086 28.860028 70.892772
5.478972 1.091663 19.588602 73.840762
31.275557 31.220246 28.550208 8.953988
1.064997 5.203505 49.129871 44.601627
27.127876 53.126648 18.509538 1.235938
5.113324 1.704511 37.227934 55.954231
2.732410 8.629631 69.163956 19.474003
57.083239 14.482666 20.784736 7.649359
27.546289 8.792100 27.400119 36.261492
5.586015 9.261240 24.248795 60.903950
5.761159 1.258098 77.010540 15.970202
13.380186 65.601717 1.862103 19.155994
4.147002 6.235395 0.858789 88.758814
8.083903 54.433264 37.392464 0.090370
36.657199 8.476624 20.263999 34.602177
13.291252 72.761790 9.817821 4.129137
3.503089 2.506005 86.971778 7.019127
35.692633 25.332178 22.449956 16.525232
28.834846 5.895218 26.012760 39.257177
32.244546 59.661946 4.591764 3.501745
34.434394 6.265090 52.126614 7.173902
11.589196 44.140654 28.692440 15.577710
13.438153 17.068149 6.920314 62.573384
20.718372 6.601798 29.762199 42.917632
10.615601 15.642525 1.071234 72.670640
0.368097 15.953202 24.896501 58.782200
7.447761 3.206250 53.484346 35.861642
5.034262 11.076459 81.725930 2.163349
8.733125 15.745772 51.108752 24.412352
18.360325 78.361987 0.669802 2.607886
12.351602 59.714806 7.894072 20.039520
33.483216 33.669712 1.669069 31.178003
54.592688 20.247853 16.516774 8.642685
47.270357 1.815613 33.368291 17.545739
50.119918 14.661722 22.914989 12.303371
4.921524 1.511778 10.354102 83.212597
39.131345 2.056435 8.267131 50.545089
25.962694 0.316794 38.123541 35.596971
10.521056 27.077748 10.449396 51.951800
8.154125 0.400214 81.401626 10.044036
62.994140 11.239083 2.214400 23.552378
23.939249 33.279904 32.744640 10.036206
13.972949 2.687106 7.286872 76.053073
17.204817 19.786668 48.217368 14.791146
28.514188 8.196527 14.926591 48.362694
23.937928 5.463604 46.982336 23.616132
30.620671 58.328577 7.936900 3.113852
20.212078 32.325536 12.372927 35.089459
82.887997 5.267769 5.897356 5.946877
18.399366 44.697653 7.239368 29.663614
0.045060 12.467529 8.084716 79.402695
27.209276 72.052176 0.397009 0.341539
40.937928 35.144716 21.568467 2.348889
10.238007 1.209486 71.910570 16.641937
23.984541 1.379392 38.535508 36.100559
23.621369 3.793408 14.753184 57.832039
24.468853 6.052709 59.474493 10.003945
46.410199 24.581958 3.974005 25.033839
16.045253 58.795288 24.261867 0.897592
21.382748 41.219870 10.753445 26.643937
4.611711 4.110479 84.182727 7.095083
11.335056 25.500785 43.176087 19.988072
39.046347 0.331685 47.754577 12.867390
40.640684 39.973959 14.114684 5.270673
17.775796 69.171437 10.782564 2.270202
12.715640 74.286527 2.481199 10.516634
25.190253 39.350291 25.070627 10.388830
40.272521 57.051006 0.561645 2.114828
14.073902 32.106706 49.639260 4.180131
28.747964 1.440945 47.212554 22.598536
56.703828 28.451969 8.246830 6.597373
28.198514 4.758424 47.028558 20.014503
42.613847 6.099798 42.818715 8.467641
0.736649 0.712980 78.107643 20.442728
10.300604 45.203409 33.129935 11.366052
16.109524 44.100443 21.202245 18.587787
51.122614 1.231889 23.291286 24.354211
25.381839 14.649289 35.173856 24.795015
0.148515 59.197778 37.285232 3.368475
36.118014 59.346935 1.621114 2.913936
5.871469 53.398529 10.333217 30.396786
7.750880 26.094147 16.622025 49.532948
8.177998 13.560337 59.538768 18.722898
11.437232 31.154400 48.397740 9.010628
5.845938 40.389604 22.420043 31.344415
18.344560 46.589673 33.878966 1.186802
8.011576 86.452367 2.472109 3.063949
3.640514 45.009042 22.320761 29.029683
69.880210 3.333694 18.930193 7.855903
13.106519 27.150447 25.026181 34.716853
32.218561 4.748509 41.870624 21.162305
4.452552 76.421498 0.650237 18.475713
6.042913 11.093230 6.719238 76.144619
12.241275 29.971928 5.941457 51.845341
56.297772 8.419780 25.468788 9.813661
19.718115 64.607579 14.701808 0.972499
4.552259 23.204325 36.475572 35.767844
20.360342 62.918566 16.437363 0.283728
30.455147 56.290664 8.988756 4.265432
10.255057 19.332638 62.033827 8.378478
22.866901 29.566951 44.273811 3.292338
96.780139 2.310409 0.569118 0.340333
2.804087 1.593631 93.457818 2.144465
2.978094 6.900748 47.317252 42.803906
15.447608 11.295762 14.970134 58.286496
57.299744 7.118726 13.683366 21.898164
48.973913 44.086178 3.852775 3.087134
85.057363 11.887735 0.732610 2.322293
10.437302 67.360483 2.487391 19.714825
11.974779 54.372461 24.773041 8.879719
2.516705 36.217387 54.026258 7.239649
13.247034 1.853525 44.015983 40.883459
10.280510 26.826945 18.243771 44.648774
14.738781 4.307821 29.231868 51.721531
1.384845 50.063258 44.523069 4.028828
19.505494 23.360805 49.777304 7.356398
5.934400 3.984115 19.235821 70.845663
53.007016 1.529561 2.831838 42.631585
25.194052 2.031510 31.937511 40.836927
1.208314 0.238263 53.413808 45.139615
30.008967 67.851685 2.106180 0.033167
21.966309 51.833551 3.003257 23.196883
73.634290 6.974249 13.956975 5.434485
5.700214 33.854827 53.804076 6.640884
9.075893 12.683804 10.747386 67.492917
45.736410 46.881163 1.037960 6.344467
8.059040 11.472806 1.316292 79.151862
42.122310 31.741638 20.455307 5.680745
1.196847 40.390726 10.571175 47.841252
9.992026 56.513910 3.505086 29.988978
68.701900 15.797749 13.070305 2.430046
54.329844 40.192084 4.600029 0.878043
5.764201 14.512297 7.603258 72.120245
26.989680 2.149392 36.893442 33.967485
2.151296 21.671453 37.910777 38.266474
35.045286 60.022923 4.326286 0.605505
2.963884 25.458004 35.978012 35.600101
23.961482 4.649621 33.264128 38.124769
18.374289 8.579659 58.885814 14.160238
13.598096 22.538871 24.955055 38.907978
10.686316 25.960310 46.263605 17.089769
55.289578 40.642305 2.016988 2.051130
40.840195 46.790653 6.918224 5.450928
2.120362 0.223460 41.408580 56.247598
9.056981 83.481244 3.624200 3.837576
10.053473 20.049985 3.624202 66.272340
3.588679 15.210722 49.198141 32.002457
45.377761 16.306250 25.513979 12.802009
24.585391 4.443815 25.651024 45.319770
3.189840 31.045824 30.165654 35.598682
17.383667 73.827002 0.642697 8.146634
74.829382 12.032399 1.572160 11.566059
0.793732 0.326298 87.829266 11.050705
74.815619 12.110251 1.332271 11.741859
12.900800 4.549684 56.401824 26.147692
3.887174 44.014679 9.825939 42.272208
21.218230 76.553919 0.794131 1.433720
67.380306 16.048143 14.610295 1.961256
47.122370 6.294177 29.529249 17.054204
24.003110 11.438035 33.620176 30.938679
16.185041 9.682447 9.165038 64.967473
24.321472 6.578519 36.974104 32.125905
3.485925 35.538093 0.753663 60.222319
21.412364 2.614859 34.776320 41.196457
9.153398 4.003131 54.443146 32.400324
6.335218 25.803825 62.579869 5.281089
28.798087 21.243113 10.559851 39.398949
14.516878 20.356622 28.042536 37.083963
0.222999 26.740104 59.848039 13.188858
27.761694 14.393523 50.184988 7.659795
52.196166 30.756195 5.380097 11.667542
4.614274 2.740686 13.577120 79.067920
22.076881 33.564466 11.064280 33.294373
15.204537 16.766654 44.452188 23.576622
35.576108 9.102990 51.331422 3.989480
29.614346 9.098383 55.825714 5.461557
29.320979 20.241080 25.245908 25.192033
15.357105 28.687207 42.295921 13.659766
17.923991 51.163811 12.465068 18.447130
1.002845 0.260621 91.519700 7.216834
46.073160 22.504983 6.661814 24.760044
22.689938 50.951226 24.243179 2.115657
8.350508 23.745808 65.217958 2.685726
14.784987 81.778629 3.156268 0.280117
13.670120 19.106759 26.768617 40.454504
20.394597 40.175489 6.492031 32.937883
78.975874 8.343685 8.096566 4.583875
6.686325 49.104562 40.606759 3.602354
3.600519 19.859059 21.817302 54.723120
16.705533 8.951378 60.730047 13.613042
18.553458 75.525952 3.365126 2.555465
45.878978 0.005601 30.688582 23.426839
5.854172 25.311330 26.391424 42.443074
3.984694 32.314021 10.181086 53.520199
38.757207 20.915634 21.263232 19.063927
78.828088 11.817989 7.139549 2.214374
41.316190 56.339988 0.040271 2.303550
25.450797 10.051385 51.461255 13.036563
20.400007 47.393810 7.901410 24.304773
5.616243 60.676063 0.473206 33.234488
12.143829 36.566764 1.305440 49.983967
12.972019 5.818227 26.511452 54.698302
7.499517 7.427086 36.831300 48.242097
22.207187 58.581411 6.231232 12.980170
19.639937 44.992162 30.304550 5.063351
5.925467 87.375720 2.700214 3.998599
8.062379 18.595539 73.124968 0.217114
4.231185 92.115749 3.550610 0.102456
16.594019 68.711319 11.398039 3.296624
1.013937 2.501795 78.325191 18.159077
59.074524 16.648002 10.107526 14.169948
0.418279 4.037424 1.000143 94.544154
75.322108 21.381893 1.311378 1.984621
46.953015 11.022997 25.887453 16.136534
12.523654 61.163287 19.553107 6.759951
12.736933 0.111359 73.674804 13.476904
9.065862 86.667651 1.176940 3.089548
3.262304 38.026188 58.302981 0.408528
7.012380 51.143692 8.391261 33.452667
15.850756 37.870977 33.555875 12.722393
42.845523 37.405949 14.829929 4.918599
44.804060 1.138504 45.600805 8.456631
44.167500 3.181967 44.484695 8.165838
19.207966 53.444398 13.473095 13.874542
21.692579 39.472617 30.758985 8.075819
0.852820 7.310881 70.771153 21.065145
10.006973 73.918928 4.189361 11.884738
6.516084 1.012832 40.739542 51.731542
5.448580 38.021985 2.234126 54.295309
77.684914 4.589936 9.243671 8.481479
5.217251 34.734530 45.492019 14.556200
5.006073 11.925596 50.895102 32.173229
14.138862 58.992643 20.766977 6.101519
11.433569 26.455160 30.182738 31.928533
2.891495 2.000622 3.680434 91.427448
50.062060 17.191579 13.018795 19.727566
74.724196 21.882146 0.071256 3.322403
0.814640 13.544319 29.557620 56.083421
25.267807 3.196807 57.768421 13.766965
23.130596 14.883259 46.884506 15.101639
22.481682 7.527169 37.344135 32.647015
11.002552 5.797887 38.642967 44.556593
18.385972 21.852683 16.945178 42.816167
48.274376 6.457518 42.058846 3.209260
66.055279 18.615273 12.766196 2.563251
28.434771 59.663010 1.482011 10.420208
10.959953 6.945256 7.771784 74.323007
8.117568 0.534429 88.019364 3.328639
37.303321 8.712487 3.451548 50.532643
19.481651 21.782425 10.778500 47.957423
6.655247 19.377041 38.133993 35.833718
30.808066 42.021305 24.720322 2.450307
30.129457 22.557698 40.845539 6.467307
22.678192 63.869249 3.566055 9.886504
31.104173 66.091176 1.458175 1.346476
35.321181 38.500042 0.648737 25.530040
12.486742 60.186984 26.303842 1.022431
29.636137 7.950459 4.085719 58.327685
21.708528 55.668101 13.949479 8.673892
0.430051 28.037614 59.385787 12.146547
8.616090 14.819074 57.294528 19.270309
27.043690 4.072982 60.144414 8.738914
4.385031 3.113367 86.700315 5.801288
1.267840 3.764662 34.932806 60.034692
20.102355 12.714199 33.262644 33.920803
39.687323 4.756782 49.755647 5.800248
21.485096 41.495952 20.168533 16.850419
4.412322 13.773658 40.563694 41.250326
41.405944 46.267630 6.060703 6.265723
31.797305 13.428074 26.627550 28.147071
2.572326 20.545445 33.170082 43.712147
10.384718 6.730062 47.208681 35.676539
33.816696 33.241624 25.623875 7.317804
56.697611 1.095291 36.509842 5.697256
13.828442 78.474790 1.343358 6.353410
14.103465 62.079890 8.370387 15.446257
1.331337 5.535328 66.296428 26.836908
8.245577 72.237836 8.360082 11.156505
41.900311 2.913068 39.737331 15.449290
39.790879 7.726441 25.851328 26.631353
3.737808 89.047616 0.623324 6.591251
35.692798 2.614035 14.729015 46.964152
5.054445 10.085787 22.150505 62.709263
8.577396 76.282371 6.518243 8.621990
11.012581 17.427618 0.895398 70.664403
2.809074 2.540820 74.895106 19.755000
1.403050 4.291704 64.223810 30.081437
91.323363 6.781438 0.089072 1.806128
6.897014 68.737008 7.050198 17.315780
17.096543 64.186455 12.140032 6.576969
2.418469 31.331950 35.139552 31.110028
11.310785 36.554446 48.433928 3.700842
8.387035 5.108250 41.453201 45.051514
0.720242 55.604719 1.703442 41.971596
75.237344 14.325326 0.050328 10.387002
17.269020 22.185309 34.943058 25.602613
9.244421 4.241708 35.181656 51.332215
43.943759 5.136108 0.567212 50.352921
9.741758 17.700486 64.896089 7.661667
19.439806 6.217105 30.105242 44.237848
75.004440 2.057848 6.878443 16.059268
40.324487 11.273157 11.564746 36.837610
11.662611 50.103800 37.163604 1.069985
36.367955 41.295548 19.504812 2.831685
3.786427 29.158304 19.676394 47.378875
54.871016 11.152727 2.406656 31.569601
78.517140 11.188966 8.135339 2.158554
27.218339 6.315400 40.045684 26.420577
18.148672 22.663731 30.264845 28.922752
62.925848 4.315584 30.038268 2.720300
1.802969 10.782864 31.057946 56.356220
68.033224 15.587491 13.236593 3.142691
65.399594 32.918836 0.754184 0.927386
68.641812 7.205839 13.711417 10.440932
41.667001 36.136887 14.333620 7.862492
1.551321 0.639908 88.143413 9.665358
0.603051 97.706224 1.471381 0.219345
23.443519 52.425496 12.982731 11.148255
3.337750 9.721121 38.876352 48.064778
16.254881 68.571316 9.090760 6.083043
32.142663 0.960764 63.407506 3.489067
27.711191 33.878213 1.171062 37.239534
43.975352 30.929278 11.759984 13.335386
0.172590 0.584269 38.713517 60.529623
24.526363 68.210232 6.168142 1.095263
20.456415 27.356934 31.923253 20.263398
60.784018 22.589498 3.525523 13.100961
12.173475 7.514016 55.772916 24.539593
53.812850 0.171342 23.164488 22.851321
21.631041 6.406313 14.016102 57.946544
25.295127 39.367491 19.850923 15.486459
1.314668 21.040141 44.039304 33.605887
5.392522 1.742705 70.376233 22.488539
8.912353 5.883020 36.011807 49.192820
73.111244 0.575697 14.833669 11.479390
49.068692 5.229840 13.036641 32.664827
11.110458 6.184382 53.471750 29.233411
37.338938 9.305552 2.429469 50.926041
14.787815 3.562965 29.635126 52.014094
11.284424 20.851567 45.023826 22.840184
57.969827 9.173945 32.491236 0.364991
13.540833 82.558902 1.505138 2.395127
51.649473 5.877917 32.607226 9.865384
16.847685 44.909570 16.911446 21.331298
75.927608 2.092962 0.805606 21.173824
54.764201 8.177173 17.992666 19.065960
18.646589 75.817353 2.268015 3.268043
31.406176 46.425179 13.125148 9.043497
20.293355 35.915636 17.048918 26.742091
60.169066 27.068093 0.351332 12.411509
20.605577 17.023746 60.404404 1.966274
7.170224 56.778261 31.621955 4.429560
4.624338 56.647673 34.657454 4.070534
41.096422 25.369840 21.058496 12.475242
3.936873 46.870342 21.106643 28.086142
29.552896 33.254196 19.441515 17.751393
25.169217 18.182325 42.854151 13.794306
7.765537 3.361512 52.433604 36.439348
47.641285 16.658163 30.054620 5.645932
30.122488 5.718449 21.162485 42.996577
24.871146 21.404070 30.217834 23.506950
0.356662 22.831302 54.898559 21.913477
25.201435 43.947403 17.047369 13.803793
56.841971 24.755368 1.487736 16.914925
4.795721 18.581457 35.172090 41.450732
0.229787 31.539981 17.918062 50.312169
3.270216 62.997675 12.563453 21.168656
65.425295 6.873054 16.062849 11.638802
34.837457 28.021517 6.853073 30.287953
36.336815 34.090750 19.488729 10.083707
24.949306 67.341719 5.056817 2.652159
3.131986 14.819001 14.087580 67.961432
47.832476 21.792451 5.565720 24.809353
17.247372 13.161271 2.588942 67.002415
48.516364 45.550837 4.484679 1.448119
15.662609 1.696319 6.862586 75.778486
0.277266 0.143890 51.647770 47.931075
24.994880 49.278017 5.497640 20.229463
59.863472 13.823470 21.684363 4.628696
0.696902 4.707926 40.644717 53.950455
28.809571 70.381688 0.650137 0.158604
12.132810 32.079355 10.506508 45.281328
74.234638 1.625221 10.291257 13.848884
46.235939 9.811304 10.257477 33.695281
2.222455 27.224854 61.274711 9.277979
42.469430 7.037696 38.576574 11.916300
37.585685 1.981562 56.854776 3.577976
11.327660 38.966844 14.539847 35.165649
38.510780 12.159101 18.768840 30.561278
63.251891 4.181807 12.337964 20.228337
1.786566 84.049794 2.951857 11.211783
29.653806 39.000633 7.827063 23.518498
24.985162 10.468190 9.173673 55.372975
6.392956 35.637136 43.218693 14.751216
21.977949 41.555484 14.720398 21.746169
0.048090 17.268112 57.929378 24.754419
45.624561 28.767357 7.126685 18.481396
5.568461 9.525994 33.149102 51.756443
13.640149 11.400288 44.609256 30.350307
35.432695 12.115143 36.057160 16.395002
47.435159 18.072822 1.243174 33.248846
46.883018 26.895478 18.023833 8.197671
40.467210 13.205693 44.658773 1.668324
33.654194 43.933013 9.435850 12.976944
2.066855 33.078261 26.884484 37.970400
29.256371 19.899793 24.352036 26.491800
14.318177 0.434471 12.763558 72.483794
51.279364 25.193917 13.530717 9.996002
71.585214 15.600064 4.401284 8.413438
42.385128 7.765939 43.861037 5.987896
1.545929 50.622411 33.072118 14.759542
11.626767 7.538857 80.575347 0.259029
14.787041 12.633840 45.675650 26.903469
13.538386 53.645061 11.652596 21.163958
0.142287 2.192379 3.257796 94.407538
53.800210 18.528657 4.881104 22.790028
2.870845 57.198738 15.489839 24.440579
10.237168 19.686230 46.795438 23.281163
36.382456 11.018893 3.369383 49.229268
10.765867 9.361090 25.665556 54.207487
2.829287 0.317171 17.613766 79.239776
42.514730 11.005580 36.700614 9.779076
29.477501 50.117824 13.410281 6.994394
0.169321 89.317052 3.960057 6.553570
5.962113 13.777259 46.718069 33.542559
42.574788 15.105195 15.576019 26.743998
55.480093 43.094693 0.261016 1.164198
7.601172 76.486477 13.324475 2.587876
2.122031 9.792395 32.732015 55.353559
54.980446 37.988089 5.934052 1.097412
4.351727 9.296151 39.722451 46.629672
84.754475 1.820432 9.325496 4.099596
32.085522 42.156856 2.860561 22.897061
49.807719 8.915997 33.556900 7.719384
65.373889 7.424963 3.071512 24.129635
2.383025 35.874978 22.306032 39.435964
1.529660 52.192072 13.144683 33.133584
6.420710 40.519809 38.500388 14.559093
80.501694 9.772057 7.880556 1.845693
46.143820 9.628756 40.651923 3.575501
12.657332 0.419849 64.432763 22.490056
93.413171 3.095512 1.808470 1.682848
62.011094 32.721412 1.819598 3.447897
31.985432 62.011577 3.196148 2.806843
33.535038 10.667971 36.953352 18.843638
12.969234 79.193613 2.106682 5.730471
67.223939 2.544426 1.012119 29.219516
8.247874 6.379648 31.674344 53.698135
13.648970 15.047584 53.746873 17.556572
25.538000 67.018536 3.534436 3.909028
2.165060 6.499145 35.665197 55.670598
15.607927 54.239785 26.750297 3.401990
0.070468 92.290749 6.895350 0.743433
9.693270 12.115257 3.106946 75.084527
13.676077 41.647877 25.241482 19.434564
26.591742 33.737248 31.322023 8.348988
27.209670 23.261841 0.152665 49.375824
3.205760 5.675127 51.876188 39.242925
21.190177 31.954755 22.979245 23.875822
65.825704 11.270155 12.785414 10.118728
0.351958 90.455867 1.619228 7.572947
1.012995 8.194440 6.095878 84.696687
64.157287 9.706661 5.924820 20.211231
38.228533 48.285338 11.387500 2.098629
33.249714 57.936541 0.887373 7.926373
81.259516 11.651035 4.426930 2.662519
24.041513 24.031243 23.886817 28.040426
52.534894 15.277234 19.273234 12.914638
10.204640 8.289577 54.964852 26.540932
21.590654 12.403914 13.051216 52.954216
39.242597 30.180909 19.256464 11.320031
56.536257 6.023635 10.188709 27.251398
0.070090 5.942056 68.006165 25.981688
26.159721 58.742773 1.030245 14.067262
61.203119 33.117387 3.697989 1.981505
27.905672 17.484507 50.888280 3.721541
28.306900 27.642683 43.196752 0.853664
20.735263 50.046316 2.239957 26.978464
4.595664 4.395089 63.881731 27.127516
19.710931 55.688098 15.701166 8.899805
15.899655 48.119022 1.719619 34.261704
78.676273 9.192620 2.752981 9.378127
23.406106 62.430254 0.606451 13.557189
33.701764 3.903143 57.678376 4.716716
12.665608 0.341380 49.237720 37.755291
24.087650 16.251716 44.930737 14.729897
0.672793 0.206140 33.671578 65.449489
31.092414 2.697680 47.900999 18.308907
1.024389 31.096342 20.860751 47.018518
0.005857 0.003299 24.263045 75.727799
13.479599 20.783532 29.982529 35.754341
31.142592 1.014762 39.794173 28.048474
6.981306 62.066822 12.706827 18.245046
20.742844 2.527519 69.863848 6.865789
8.875854 16.707812 13.833121 60.583212
8.815661 26.317247 34.758641 30.108451
43.959087 27.628180 13.563401 14.849331
4.485219 5.131163 55.735691 34.647927
3.101732 2.931777 83.972496 9.993995
4.996333 69.725185 10.007400 15.271082
12.622975 13.101077 55.656525 18.619423
2.334490 33.832996 46.106996 17.725518
73.858007 5.279540 11.096887 9.765566
67.454340 27.305632 4.964010 0.276018
12.767813 34.255107 4.399263 48.577818
26.271900 26.238247 17.907792 29.582061
9.393502 62.605766 0.131599 27.869133
14.629610 14.848218 52.647889 17.874283
17.676173 54.533672 26.219447 1.570707
27.443418 42.859020 9.864445 19.833117
5.361291 23.603826 24.503533 46.531349
3.545937 34.177993 59.495532 2.780538
31.658957 16.187962 6.937934 45.215147
14.944309 17.002467 59.349008 8.704217
60.332699 9.179310 20.584302 9.903689
2.055886 0.132291 2.304475 95.507348
39.844668 23.075343 17.661287 19.418702
45.669047 47.110274 6.929578 0.291101
57.199989 25.062653 7.458817 10.278541
47.425316 5.686046 26.714804 20.173834
17.879784 4.395676 13.843209 63.881331
0.236827 0.819114 18.567675 80.376384
18.721405 58.334779 17.024931 5.918884
22.916370 2.798527 22.437198 51.847906
2.993805 4.751793 6.869739 85.384663
4.429012 5.794689 56.610550 33.165749
37.649169 29.186367 21.878202 11.286262
8.714009 2.120062 28.931918 60.234011
16.178086 7.641610 37.689105 38.491199
3.149109 4.596489 17.596668 74.657734
0.067708 1.284262 82.222246 16.425784
1.744162 6.337139 61.709266 30.209432
45.902353 28.901566 24.035741 1.160341
88.365652 6.580483 2.690809 2.363056
14.536500 9.930189 35.614785 39.918526
14.127601 26.791616 24.467489 34.613293
33.216840 37.039821 11.711434 18.031905
0.450999 1.694453 19.291982 78.562566
28.748663 48.219018 7.686343 15.345976
35.800718 7.218173 10.501691 46.479418
1.951242 3.703838 18.038604 76.306317
51.262591 22.348054 26.258081 0.131274
2.059693 14.716332 24.989797 58.234178
45.223095 30.084379 11.256964 13.435562
6.308555 8.804211 55.499106 29.388128
1.899220 4.610378 24.725725 68.764677
17.549185 60.868125 10.204139 11.378551
43.267119 39.743227 7.332093 9.657561
30.164111 12.882247 12.490276 44.463366
70.666159 7.754203 2.065302 19.514336
20.193623 23.389860 15.678237 40.738279
4.862443 47.290638 41.916979 5.929940
8.859207 22.800695 5.468543 62.871556
37.935699 9.706747 5.763533 46.594021
35.805554 8.971203 29.892717 25.330526
64.356200 10.478237 18.637431 6.528131
48.598852 22.539794 12.957530 15.903824
46.464214 14.304242 34.923701 4.307843
72.524359 1.235827 0.033634 26.206181
64.570764 18.061153 16.012221 1.355863
4.366143 5.021351 17.009721 73.602786
26.396466 25.430067 31.510420 16.663047
6.293927 10.512617 19.174077 64.019380
16.133727 41.485219 0.003880 42.377174
40.615454 27.633089 0.462216 31.289241
18.232017 49.195578 8.714935 23.857470
71.093826 17.498355 4.958347 6.449472
14.340605 65.874246 5.903482 13.881667
47.064465 15.934895 0.400868 36.599773
0.302509 1.940602 18.324009 79.432880
69.965714 16.575623 1.303683 12.154979
5.873830 17.509452 8.361503 68.255215
5.970325 66.111342 18.021200 9.897133
0.452105 78.767842 8.959642 11.820411
4.436594 33.195780 58.425753 3.941873
31.535273 20.941304 20.420844 27.102579
33.612425 20.271055 1.639630 44.476890
41.057130 17.834438 6.768395 34.340037
40.681873 18.719354 6.180202 34.418571
23.666543 16.428675 3.078697 56.826086
46.198269 11.268084 28.154997 14.378649
1.536279 10.640607 0.335029 87.488086
1.078736 6.007662 38.427843 54.485759
29.721343 25.681959 15.440826 29.155872
7.187930 16.921692 19.649463 56.240914
2.796047 38.214726 36.691166 22.298061
2.073426 26.739099 41.169550 30.017925
33.261935 3.937076 37.321807 25.479182
19.142054 7.436516 7.064967 66.356463
36.213758 45.011255 14.239241 4.535746
0.460242 0.171492 59.147272 40.220994
1.453922 8.714845 17.614236 72.216997
12.144484 30.764541 21.266898 35.824078
44.650934 27.354438 6.167584 21.827045
57.613349 5.706454 20.792199 15.887998
5.308813 48.364090 28.415235 17.911862
0.186304 11.508389 82.899245 5.406062
17.173110 9.173519 71.688801 1.964569
15.395387 17.415062 29.470144 37.719406
71.593721 10.852032 6.705725 10.848521
41.502152 24.152317 2.432813 31.912718
0.222659 86.633019 12.002262 1.142060
0.135084 6.029655 26.664025 67.171236
7.929281 40.653134 2.123111 49.294473
57.910332 32.500753 4.882396 4.706520
0.812055 0.448359 40.762059 57.977527
21.635896 13.237605 42.633241 22.493258
4.756757 19.438317 24.469396 51.335530
4.249331 1.094460 45.925608 48.730601
0.092530 1.964417 23.446312 74.496741
65.737630 21.707055 12.069839 0.485476
64.985354 9.128846 11.452572 14.433227
6.377499 7.001815 82.502059 4.118626
0.030024 24.564843 70.333173 5.071960
36.648042 36.489566 9.684299 17.178093
40.483021 37.491770 18.509053 3.516155
1.635231 14.963786 61.880694 21.520289
37.659848 10.376286 12.561595 39.402271
10.939705 37.731214 5.578260 45.750821
8.840357 2.289743 18.800810 70.069090
5.933822 38.620150 47.677459 7.768569
53.180410 40.364925 4.587033 1.867631
46.099864 33.751816 17.273678 2.874642
5.723323 37.991390 9.634821 46.650466
78.368422 13.770010 5.082296 2.779272
39.435562 24.622789 0.333453 35.608195
18.785203 61.133617 17.188538 2.892641
19.729751 47.493370 13.062937 19.713942
5.050712 8.856573 1.321593 84.771122
10.463807 49.593568 4.058016 35.884610
15.591966 80.968598 1.829985 1.609451
2.822377 5.213146 55.475626 36.488850
5.176387 66.572629 13.883651 14.367333
31.885454 23.780307 37.487983 6.846255
52.536878 16.877472 12.749699 17.835951
28.276445 8.959189 9.874273 52.890093
8.827131 73.859719 4.612155 12.700995
32.612274 36.890580 3.613084 26.884063
22.059822 7.891043 62.008887 8.040248
27.757468 8.284892 47.167467 16.790174
54.378483 9.426564 35.856940 0.338012
10.624217 3.975838 5.262077 80.137868
5.351074 60.294240 23.331243 11.023443
23.506871 2.833654 60.416640 13.242835
3.361947 17.753810 41.032229 37.852014
55.118089 6.724618 20.508074 17.649218
18.302901 1.918663 54.484141 25.294295
15.855287 9.743638 27.885360 46.515714
26.002091 53.217855 7.010818 13.769235
0.868733 0.339800 38.908166 59.883301
30.102111 21.877014 44.144560 3.876315
5.054194 30.515129 38.465313 25.965364
45.772306 52.900139 1.147750 0.179806
26.662605 8.635103 40.661324 24.040968
21.144715 0.791990 18.308555 59.754740
6.486671 17.674833 2.092288 73.746208
22.711349 55.229872 8.565137 13.493642
36.098265 53.293501 0.499542 10.108692
2.876844 30.897990 42.548057 23.677109
2.619977 7.237502 81.075175 9.067347
2.616689 84.165745 10.765013 2.452553
33.973694 38.562699 14.023060 13.440547
9.995569 87.395098 2.073881 0.535452
6.800418 1.238157 5.200492 86.760933
11.664202 16.278546 70.016507 2.040746
47.082630 26.903392 9.430831 16.583147
34.648094 3.326087 33.951692 28.074127
0.588839 48.011887 14.903546 36.495727
35.290109 38.787469 17.694049 8.228373
25.481405 3.840779 9.389341 61.288475
5.135020 17.320499 7.066494 70.477986
23.863961 0.355528 32.759512 43.020999
9.349671 67.355551 7.483875 15.810903
6.870894 33.856057 6.555545 52.717505
12.294955 12.931645 46.052491 28.720909
73.163581 5.528395 1.205636 20.102387
18.634904 75.493335 0.445306 5.426456
59.347801 26.357329 12.569905 1.724965
2.063401 2.898908 92.781172 2.256518
65.882736 28.767370 0.653573 4.696322
1.432432 33.752357 41.151635 23.663575
67.000896 31.656290 0.549428 0.793386
8.875534 5.620758 28.061979 57.441729
27.084652 62.996833 4.082189 5.836326
10.522773 55.140852 17.729335 16.607040
9.577930 50.110171 32.235248 8.076651
15.210890 0.329135 17.329155 67.130820
29.892546 53.136111 1.730956 15.240387
10.080243 64.244535 19.458382 6.216840
69.317944 5.705708 6.647503 18.328845
7.093425 13.079310 0.190024 79.637241
6.731771 27.073582 20.906656 45.287991
14.341896 30.984194 10.238322 44.435587
58.043684 25.348143 7.717907 8.890266
5.339863 25.639475 23.320040 45.700621
20.564007 3.563927 75.318661 0.553405
14.442263 19.573668 65.434320 0.549750
1.109971 71.630896 20.388404 6.870729
0.906511 0.759799 25.517483 72.816207
55.733754 26.818814 16.195063 1.252369
60.428289 32.457846 5.721573 1.392291
31.855544 9.878517 26.039808 32.226130
46.453625 43.646170 7.587025 2.313180
12.249838 3.311550 27.191877 57.246735
15.043075 29.556675 1.526732 53.873518
74.304923 15.977983 7.500670 2.216424
23.980965 1.563027 45.659322 28.796685
3.370934 50.326384 31.469489 14.833194
41.431918 7.559445 31.190193 19.818444
61.268151 12.339442 11.237735 15.154672
46.018905 16.083210 32.865575 5.032310
64.152707 7.950323 11.475669 16.421300
42.327301 18.511348 0.206760 38.954591
2.067054 2.046841 50.311893 45.574212
38.414607 1.692818 11.067523 48.825051
39.293028 55.558500 5.006118 0.142354
14.639556 10.751844 37.487594 37.121006
16.669127 18.860522 59.207184 5.263167
10.119153 17.310884 20.229318 52.340646
20.861538 21.598864 51.058118 6.481480
2.685318 5.719479 63.784275 27.810928
1.993066 11.618189 43.633342 42.755403
5.125452 57.400870 20.343082 17.130595
1.856159 30.053995 34.322336 33.767510
3.285980 4.395529 24.596101 67.722391
15.324274 12.520814 45.785239 26.369673
64.480434 6.649056 8.766795 20.103715
13.392817 75.208520 9.331966 2.066697
10.993192 31.879210 46.441998 10.685600
27.290497 21.203414 9.885610 41.620478
67.724125 10.717600 14.405957 7.152318
22.545626 57.052750 4.434351 15.967273
30.794642 39.733633 28.276378 1.195347
50.275500 33.098016 7.612755 9.013729
59.631732 29.079471 4.921773 6.367023
11.067986 16.456657 34.624141 37.851215
13.510586 7.672311 34.789018 44.028085
6.839774 31.888215 20.658992 40.613020
30.362299 23.707345 2.015682 43.914675
2.130662 12.386993 74.684548 10.797797
1.411784 3.993044 37.855968 56.739204
5.011045 13.571675 4.129628 77.287652
1.100616 3.397812 1.308640 94.192932
22.123765 13.448609 46.867180 17.560446
13.634673 72.018575 8.617596 5.729156
2.711451 44.247380 46.878636 6.162533
24.654570 36.159664 34.080507 5.105259
4.370433 6.329356 22.568287 66.731924
59.212918 1.622679 30.994943 8.169460
42.455684 4.823591 4.474512 48.246213
1.344625 1.157893 97.113646 0.383837
0.445525 14.777108 2.776150 82.001217
11.216994 49.224914 36.638952 2.919140
4.628893 58.806881 18.601814 17.962412
5.939730 6.432474 35.249549 52.378247
22.161943 15.479587 60.896899 1.461571
45.300115 49.813871 2.275776 2.610238
14.512028 42.252400 4.195963 39.039609
34.696652 35.077817 26.167726 4.057806
19.624340 4.756897 7.384870 68.233893
29.183955 31.358664 18.870712 20.586669
10.364161 53.065509 28.927469 7.642861
3.423179 10.938832 35.951908 49.686081
3.184262 17.675139 75.889668 3.250931
22.779665 18.771286 44.253745 14.195304
17.221298 29.279755 51.851545 1.647402
22.453486 29.800305 31.343148 16.403060
23.022924 45.167634 4.030665 27.778777
7.548696 5.714649 58.606206 28.130450
20.276401 6.872865 0.326824 72.523909
16.834584 9.570031 59.759893 13.835492
53.131767 11.805518 16.805321 18.257395
43.947085 42.255497 13.748152 0.049266
14.489339 14.817585 2.409869 68.283207
21.926193 1.225148 8.072545 68.776114
31.745973 21.557655 33.236267 13.460104
64.859492 27.358289 2.757870 5.024350
5.437751 16.743102 41.710797 36.108350
33.119369 3.627968 18.647442 44.605221
38.676875 0.389869 53.766388 7.166868
30.054675 28.052567 26.516184 15.376574
18.499259 76.510964 4.021272 0.968504
34.654728 29.132008 33.644837 2.568426
2.931321 1.780737 32.747506 62.540437
30.792101 33.009895 34.426051 1.771953
35.642452 12.747696 47.908470 3.701381
44.741996 4.636953 12.672643 37.948409
7.980809 17.120665 67.558850 7.339676
15.373851 16.637014 32.659352 35.329783
20.783806 15.832301 21.256923 42.126969
45.169359 11.793439 9.852048 33.185154
7.068665 37.958344 30.191777 24.781214
3.547368 42.633241 43.677030 10.142361
33.238007 12.109446 29.939061 24.713486
16.150106 67.476714 11.325362 5.047818
10.698985 17.396355 43.906016 27.998644
26.404461 17.221748 4.947997 51.425794
22.572904 16.429751 11.623506 49.373839
16.293140 76.522803 0.110062 7.073995
13.871985 22.387056 41.592012 22.148947
6.715137 74.061254 12.010429 7.213180
5.125091 57.141823 33.132613 4.600472
52.204682 34.071145 4.841806 8.882368
24.424989 24.941752 50.294849 0.338410
9.755063 7.576399 19.502176 63.166362
15.868888 14.197948 4.349614 65.583551
45.742783 41.430287 11.052055 1.774874
66.885684 17.269106 2.565350 13.279860
0.107603 16.140451 82.167235 1.584710
90.057624 0.350408 4.193101 5.398866
30.759673 25.409643 39.587667 4.243017
14.242875 7.773178 11.473757 66.510190
1.809814 4.623488 52.221680 41.345019
60.276185 34.138928 5.552333 0.032555
1.272855 11.151230 59.646342 27.929573
0.985273 3.961777 74.311698 20.741252
1.822241 3.161431 5.297855 89.718472
11.679646 46.323833 13.480618 28.515903
71.266614 10.062162 5.377372 13.293852
4.990453 4.015559 9.583430 81.410558
16.716550 29.174133 15.501088 38.608229
38.276913 11.236316 12.061233 38.425537
12.190806 28.682634 37.209656 21.916904
45.521321 9.180055 2.218827 43.079797
5.096085 6.970934 36.759727 51.173254
19.153080 68.535753 4.570991 7.740176
36.143108 52.409399 2.205512 9.241981
53.899347 9.783627 10.404002 25.913025
2.346750 15.201393 10.140720 72.311137
23.024526 61.365256 11.520319 4.089899
0.567432 0.027679 13.081267 86.323622
