100
31985 32518 418242 6582 134972 18890 97793 2274 4959 87517 60372 117877 51128345 5753 42637 183740 72014 65095993 573661 302 88487129 57784 11519 196926 5259 342068 3215 162676 11400 85600 22646 57076179 39183 46235 13355 11288 125956444 248885 157523 39126 17649 11853 219362 131352441 38053655 5349 13092 108190183 5528 10789 46820 96211182 664965 46563804 51271 31241837 37750552 109920 106106 13182 1465 505178 7446 444 462965 7939 57768 7400 102559 45847 28358 6829 111475 20163 60998 8978 6259 43885062 131114 39531 11717 9913 121261618 19810 31412332 120411756 24259 505547 630 24258 60299 21667 7116 59182 60109 4978 4032 7779 125695532 303
0 0 0 7693 0 0 526 830 0 0 0 0 13095 0 0 3056 17042 7368 0 16685 14031 0 19853 2906 11015 0 15987 0 10095 0 2874 0 18689 0 0 14566 0 0 5848 0 0 0 0 0 6328 19248 0 1651 4787 0 16218 17409 0 9091 0 0 6914 10814 0 191 18014 0 0 5420 12376 0 0 0 2883 0 0 7420 0 0 0 0 14238 0 19978 15001 0 0 0 0 0 0 2827 0 15898 4551 0 0 0 7111 10626 0 7415 0 0 0
0 0 0 0 0 19217 0 0 2349 0 0 0 0 5585 0 0 0 0 0 0 0 0 787 0 5502 0 4875 0 0 0 13993 0 0 0 14455 12505 0 18512 0 0 0 0 10448 0 0 0 0 8280 15197 17466 4151 0 0 0 15886 10261 11773 8959 0 0 4153 0 0 2760 0 0 0 15868 6601 12730 0 0 11823 5023 0 18614 17735 0 15711 4836 0 4800 18254 0 9850 0 1907 0 9333 8696 6780 1646 0 10474 0 0 0 0 6761 0
0 0 0 0 0 14688 0 0 0 17138 0 0 5110 3267 0 0 11957 18648 0 0 12454 0 0 17690 0 0 0 0 10612 18682 5459 12370 16525 0 11226 0 4837 0 0 4614 0 9616 8193 0 0 4380 15289 0 0 17724 17156 14002 0 0 0 0 6445 0 18547 15800 0 0 0 0 0 3789 17990 5827 8754 0 4045 0 10961 0 0 10218 0 8694 0 0 19596 0 0 14863 0 0 0 10247 9782 14970 0 0 0 0 0 0 0 0 0 0
7693 0 0 0 13183 0 0 0 0 0 0 11708 0 0 617 3393 0 0 0 15555 0 0 1621 0 11217 0 0 0 8941 0 6302 0 0 1165 683 0 0 12259 768 0 0 18889 4417 0 0 0 0 0 11105 17176 3714 0 18938 0 1465 15323 4330 0 0 14704 8245 0 15301 0 0 0 9314 0 16577 0 0 8163 0 15208 4599 0 0 16880 0 0 0 0 17862 0 14847 0 0 0 0 0 7283 293 0 14897 0 0 17467 0 0 0
0 0 0 13183 0 0 0 0 0 0 0 0 0 0 0 0 0 15612 0 0 1299 0 0 0 0 0 0 8809 0 0 8756 0 17350 13758 16123 469 0 0 0 14252 0 0 0 0 0 0 14117 11577 6286 0 0 0 0 19848 0 0 0 15356 1352 0 5779 16243 0 0 18998 0 10496 0 0 0 0 0 8359 0 0 14138 1196 0 0 0 0 0 4235 19205 0 0 0 1163 0 0 0 6816 1769 18957 0 1783 15954 0 0 0
0 19217 14688 0 0 0 0 9323 0 0 16298 10911 2671 18364 2052 15587 10238 0 0 0 5075 0 0 0 0 0 0 12330 3406 7854 0 0 16390 0 0 0 8799 6968 4882 19805 0 0 6560 4871 0 0 16869 19278 8874 0 0 2951 0 0 18068 0 0 0 0 0 17312 17099 7946 0 0 3692 7352 0 0 0 0 0 0 14605 15789 0 0 16830 0 0 0 0 0 0 10019 0 2653 0 2888 0 5092 0 0 0 0 0 0 0 2377 0
526 0 0 0 0 0 0 3979 10578 15164 3646 0 0 0 0 7419 17637 13718 0 17642 0 0 0 0 0 0 10221 8997 0 11655 14679 0 0 11774 0 2667 11996 0 0 6961 0 0 0 0 2529 0 14106 2423 15741 0 0 0 17216 0 0 0 0 0 0 7308 13998 0 0 2060 0 7171 0 0 0 0 0 7697 0 0 0 0 0 0 4310 0 0 0 0 0 5710 0 0 5021 0 15231 0 1399 0 9313 0 0 1265 3968 0 0
830 0 0 0 0 9323 3979 0 0 0 1590 0 5042 18666 14172 13284 0 11482 19734 4595 0 4503 0 0 0 0 2834 0 6237 0 0 17964 0 0 0 19501 0 0 0 10512 0 0 4837 0 3030 0 0 0 4551 15169 0 19004 0 0 0 0 0 0 0 0 0 16304 15282 0 0 0 0 0 0 14092 10017 12270 0 0 0 4892 0 11628 0 0 11990 0 0 18147 0 0 0 0 3174 0 0 1806 17785 12826 0 0 9483 16844 0 0
0 2349 0 0 0 0 10578 0 0 9793 0 0 0 0 0 0 0 187 0 0 0 10469 0 15184 3466 4754 0 0 0 12912 18373 0 0 0 4546 2893 0 0 11849 0 0 5019 3751 14006 3406 14881 0 16105 0 2720 57 0 0 5075 0 0 0 0 19864 0 14572 0 0 0 0 15790 0 3991 0 0 0 0 14534 0 8299 0 0 11528 0 0 0 3551 18174 12207 0 0 0 15341 0 6038 0 11885 5178 0 0 19820 11365 0 9988 0
0 0 17138 0 0 0 15164 0 9793 0 0 3513 0 19601 6883 0 14130 0 0 0 17344 16433 16739 3064 5968 0 12157 0 0 0 0 18048 8547 0 0 0 0 0 14342 0 0 0 11230 0 19611 0 0 0 148 16842 10140 6689 0 0 0 0 0 11338 0 0 12682 16671 18609 18895 7886 7866 0 2019 3682 2017 0 0 0 0 5816 12152 2936 0 0 7472 7512 0 0 0 0 0 17413 0 18638 0 0 0 0 2748 0 0 0 0 0 0
0 0 0 0 0 16298 3646 1590 0 0 0 0 0 17199 0 19143 0 9898 0 0 4601 19938 15006 7286 16323 16110 0 18578 9043 0 0 19888 0 0 0 0 0 0 0 2616 0 0 0 0 0 0 3637 11616 0 0 0 8008 13717 0 5613 0 2331 0 1807 0 0 0 13072 948 0 2095 0 0 0 0 0 9521 0 0 10830 15065 6644 7629 466 13852 0 0 0 0 0 0 0 0 0 0 256 11907 15577 0 0 0 0 0 3616 0
0 0 0 11708 0 10911 0 0 0 3513 0 0 17739 1401 0 3094 16100 0 14034 0 9549 0 0 17962 0 2998 0 0 0 0 8965 11609 0 0 1566 0 1626 7807 0 0 9224 19752 14462 0 12139 3368 17748 12414 0 0 0 0 0 9322 0 0 19013 2283 0 7314 11134 0 5232 0 13603 13796 0 0 12567 2839 10133 0 14007 7515 0 0 18872 0 13938 0 11469 0 12067 0 366 0 0 0 0 0 0 0 0 10773 0 0 19394 0 13044 0
13095 0 5110 0 0 2671 0 5042 0 0 0 17739 0 11584 4043 0 8352 16315 11414 0 3775 13339 0 0 16420 1120 0 0 0 0 0 17821 5470 0 0 0 11706 0 10011 16205 4804 0 0 0 12622 819 0 3738 0 7104 0 0 0 0 7053 11884 0 14340 10173 0 0 0 3560 0 11455 0 0 0 0 6812 0 6752 6398 9226 1880 0 0 0 0 0 0 0 0 0 0 0 0 0 14686 0 0 0 0 0 890 0 10009 9569 0 0
0 5585 3267 0 0 18364 0 18666 0 19601 17199 1401 11584 0 1398 11741 0 0 2447 0 0 11653 0 0 0 0 16669 0 0 3443 0 0 0 0 6269 0 0 0 6367 0 4258 6632 4641 0 10648 13105 11546 3786 7287 6888 0 0 0 0 12420 17239 2296 0 0 6937 0 0 0 0 1816 4094 0 0 14638 0 701 0 0 0 13920 5988 0 15651 1365 5575 0 0 0 18444 13625 0 0 0 16873 0 6017 0 0 18111 8113 0 16006 0 0 0
0 0 0 617 0 2052 0 14172 0 6883 0 0 4043 1398 0 16655 0 11828 0 12238 0 12979 0 0 0 0 0 10083 4604 13383 0 0 0 0 0 3674 1947 19186 0 0 0 0 0 7866 0 6148 0 0 0 134 2121 3631 18246 0 14134 0 0 0 4881 11731 200 0 1580 0 0 3500 0 0 0 3640 4921 4275 0 0 0 0 5020 0 17181 0 3713 304 0 16342 0 5507 17223 0 0 2475 0 8352 15445 0 19062 17069 0 15866 0 0
3056 0 0 3393 0 15587 7419 13284 0 0 19143 3094 0 11741 16655 0 0 0 0 0 0 11580 0 18481 391 0 0 10750 12244 0 15070 0 4761 0 0 521 0 4907 0 0 0 0 0 0 14336 0 0 19390 15994 0 0 0 13185 0 17460 0 12443 19136 16750 0 3508 0 0 9141 17915 0 1743 0 8596 19633 0 15173 0 17215 6878 0 5099 0 0 12477 0 2354 14021 6126 7759 0 9671 3877 0 0 4267 15981 0 0 0 0 0 9005 12400 0
17042 0 11957 0 0 10238 17637 0 0 14130 0 16100 8352 0 0 0 0 1305 2649 187 13682 1179 7288 0 0 0 4432 0 0 16233 0 0 0 0 0 0 0 0 0 0 4791 0 0 0 17657 14439 9460 16665 14259 0 0 0 0 0 0 3392 10884 0 4507 15108 0 0 19456 0 0 0 3999 9387 8968 0 0 0 459 0 6861 0 0 0 0 0 754 15734 0 0 0 0 74 0 0 11916 3810 19849 17822 14350 13557 0 0 0 0 0
7368 0 18648 0 15612 0 13718 11482 187 0 9898 0 16315 0 11828 0 1305 0 9096 0 0 0 0 13226 7066 0 0 0 0 11374 0 0 0 17909 11969 13396 0 18820 0 6471 18107 12268 10354 0 0 13004 1637 13423 10265 19772 6955 8098 0 10028 17921 5445 7584 0 0 18497 19726 0 10140 0 0 0 8828 0 0 15128 0 3131 15289 0 0 16339 11756 0 0 7722 0 0 2278 0 15573 0 0 18169 0 18392 0 17514 0 0 0 0 9654 0 10985 0
0 0 0 0 0 0 0 19734 0 0 0 14034 11414 2447 0 0 2649 9096 0 0 5290 12743 0 0 4442 0 0 0 0 0 0 682 4262 17269 0 0 1252 8582 13721 0 0 9544 2184 4582 15004 16600 14915 7594 13838 6796 0 0 0 0 0 0 17463 17393 0 1968 3843 0 0 9813 0 0 14465 4314 15015 0 0 0 0 11831 4058 13909 1753 17000 0 0 0 0 3345 0 14495 0 0 0 0 3543 0 0 10858 3242 0 0 19759 0 11002 0
16685 0 0 15555 0 0 17642 4595 0 0 0 0 0 0 12238 0 187 0 0 0 0 14865 0 8573 0 5025 0 11490 0 0 0 0 18693 0 8054 0 18117 3696 0 0 1223 0 0 4283 16867 6904 14946 0 0 13256 0 0 15259 0 14764 0 0 10053 0 9665 0 9258 0 0 0 10164 8963 0 0 0 15188 17634 0 0 300 0 11557 8491 0 0 0 12446 9674 14643 0 0 4234 14143 0 0 2847 17715 0 12845 5601 0 0 0 18445 0
14031 0 12454 0 1299 5075 0 0 0 17344 4601 9549 3775 0 0 0 13682 0 5290 0 0 821 0 4831 19891 0 0 12321 0 0 0 0 0 0 0 19718 7894 16591 0 11065 0 8382 0 0 0 0 13312 0 2032 0 0 0 16312 4830 0 3615 1855 0 0 0 7766 0 0 2271 0 15972 5178 4104 0 0 14197 0 11107 8686 0 2466 0 0 15745 0 0 18355 0 8678 17412 8905 0 2660 0 14603 0 12551 17700 0 9531 8319 0 0 0 0
0 0 0 0 0 0 0 4503 10469 16433 19938 0 13339 11653 12979 11580 1179 0 12743 14865 821 0 12666 0 0 0 0 14538 0 0 0 0 0 0 0 0 0 18573 0 0 13424 10966 0 0 0 2809 15399 777 15026 19360 0 0 4460 10359 0 1028 13894 0 0 1541 4598 16588 0 261 13720 0 9443 0 12680 3149 0 0 0 0 4229 0 14818 11734 14148 0 0 7318 0 0 7796 2709 0 19073 8186 6662 0 15244 14738 0 0 3333 0 0 0 0
19853 787 0 1621 0 0 0 0 0 16739 15006 0 0 0 0 0 7288 0 0 0 0 12666 0 11845 19558 0 0 12879 0 4176 0 0 12635 0 0 11192 2712 13160 11396 0 0 0 0 0 0 0 9925 16540 15961 9159 16342 0 0 9870 4038 0 7861 3675 19660 0 15112 0 5602 17079 0 0 0 0 0 0 0 16692 3752 0 0 0 0 0 0 0 0 15792 5705 11136 0 0 18699 0 10206 0 0 0 10446 8411 0 0 0 981 3469 0
2906 0 17690 0 0 0 0 0 15184 3064 7286 17962 0 0 0 18481 0 13226 0 8573 4831 0 11845 0 0 203 0 4633 0 7737 0 7020 0 0 16677 0 18105 10256 0 7825 2563 7058 0 0 0 19939 0 0 0 14817 979 0 17335 0 0 10556 0 12018 0 0 0 94 0 4707 0 0 16528 14114 17062 2445 0 0 0 19746 0 16667 0 16106 0 0 13682 14414 0 19352 4614 0 0 0 11469 8490 0 5458 8539 0 0 17405 0 0 6653 0
11015 5502 0 11217 0 0 0 0 3466 5968 16323 0 16420 0 0 391 0 7066 4442 0 19891 0 19558 0 0 9855 17674 0 16822 155 7581 5274 5246 0 7824 9419 18572 1397 18475 0 8207 0 14289 15791 0 12305 0 19540 14345 0 0 0 6708 9449 0 0 14944 10349 0 3356 12883 0 0 0 16045 0 0 0 14409 0 4660 0 0 14092 13955 13924 0 0 0 7163 0 0 0 11048 0 0 16169 0 1064 0 0 12049 13084 2137 1490 3978 1095 0 661 0
0 0 0 0 0 0 0 0 4754 0 16110 2998 1120 0 0 0 0 0 0 5025 0 0 0 203 9855 0 16083 0 10102 3671 0 10831 0 0 0 19353 3099 0 6557 5474 0 0 18008 12869 0 0 3066 0 10906 18336 0 9206 2778 0 0 0 0 14248 0 0 10070 0 0 0 0 418 0 17923 5031 15952 0 0 0 0 1365 12132 0 10811 9187 18547 0 0 6381 0 0 0 0 15732 0 0 4589 600 15106 18015 0 14641 0 2570 19104 0
15987 4875 0 0 0 0 10221 2834 0 12157 0 0 0 16669 0 0 4432 0 0 0 0 0 0 0 17674 16083 0 0 0 0 12374 0 0 7420 6387 0 250 14877 0 10086 15621 0 2163 4997 4753 9440 0 0 16576 0 17400 0 0 0 572 9647 8419 0 0 0 18850 7426 9313 10863 16292 0 16559 0 18968 0 0 230 0 0 0 0 15470 4196 0 0 4141 16484 12530 9485 0 8075 13049 4764 0 0 1064 4732 0 0 18582 0 0 15275 0 0
0 0 0 0 8809 12330 8997 0 0 0 18578 0 0 0 10083 10750 0 0 0 11490 12321 14538 12879 4633 0 0 0 0 18001 15413 18670 8907 10216 5438 14620 0 11316 0 0 0 632 18129 2707 0 6769 6548 8138 0 2606 0 0 0 0 0 13802 0 0 18444 0 14120 0 0 18702 0 14954 0 3853 0 0 2821 5305 18815 0 12037 0 1014 7596 5902 0 0 0 0 17201 0 6985 14689 2809 0 5235 0 0 0 9223 6719 5893 0 0 14282 0 0
10095 0 10612 8941 0 3406 0 6237 0 0 9043 0 0 0 4604 12244 0 0 0 0 0 0 0 0 16822 10102 0 18001 0 0 0 0 8939 0 17875 0 12096 0 3675 11785 887 0 12736 12247 0 16599 0 0 0 505 0 6640 17119 5952 0 13424 13399 17701 17213 10449 5166 0 169 7473 8483 9421 11678 15000 18293 0 4000 665 0 0 6256 929 7517 15553 10908 10753 0 17332 15445 0 0 0 0 0 0 6557 14703 11270 8379 5856 0 0 19034 18569 0 0
0 0 18682 0 0 7854 11655 0 12912 0 0 0 0 3443 13383 0 16233 11374 0 0 0 0 4176 7737 155 3671 0 15413 0 0 3764 7528 7135 16991 7221 10383 0 0 14532 0 0 5630 0 0 3525 0 12994 0 0 18346 0 0 0 12626 0 3961 0 19538 18511 0 13484 3406 8620 8780 0 0 0 17853 0 0 16566 0 0 0 7428 0 0 0 0 4711 12405 18146 0 12909 17106 0 14986 13447 0 0 0 11574 1325 17728 3106 12960 4755 7183 13771 0
2874 13993 5459 6302 8756 0 14679 0 18373 0 0 8965 0 0 0 15070 0 0 0 0 0 0 0 0 7581 0 12374 18670 0 3764 0 0 11526 654 2083 0 10798 0 0 2710 0 0 0 19402 17592 0 7525 0 0 0 5012 16287 0 2037 2271 4941 0 7077 11341 17697 6951 5770 0 2882 2027 0 14003 14433 0 0 0 724 12415 0 0 13698 16826 10005 0 1392 9114 0 0 2781 8375 0 0 19317 0 7293 16073 18301 437 6555 16449 0 529 0 6908 0
0 0 12370 0 0 0 0 17964 0 18048 19888 11609 17821 0 0 0 0 0 682 0 0 0 0 7020 5274 10831 0 8907 0 7528 0 0 0 0 0 16154 5003 13233 0 18996 0 6204 0 18544 0 4798 7952 11989 0 18309 0 19058 8441 0 0 15584 0 6437 0 15877 0 0 13839 19219 10044 11351 16557 0 4183 16994 0 7006 13716 19710 18394 15123 16185 6143 0 4887 309 0 3869 0 0 0 18167 9094 0 10288 4917 0 0 0 0 2990 2394 0 16310 0
18689 0 16525 0 17350 16390 0 0 0 8547 0 0 5470 0 0 4761 0 0 4262 18693 0 0 12635 0 5246 0 0 10216 8939 7135 11526 0 0 13383 0 0 0 0 141 0 0 0 16212 0 5830 16988 0 0 15297 17729 0 6772 3585 6898 7368 0 0 0 0 0 17195 11222 13895 10681 0 0 0 0 0 0 0 0 12648 0 11308 7868 8918 13739 0 871 0 0 0 0 1457 0 11913 0 0 0 4453 3232 0 0 0 0 0 9509 0 0
0 0 0 1165 13758 0 11774 0 0 0 0 0 0 0 0 0 0 17909 17269 0 0 0 0 0 0 0 7420 5438 0 16991 654 0 13383 0 0 0 15787 0 15553 3055 4951 1214 6044 0 0 13647 0 0 13779 14559 0 0 14345 4647 0 0 0 10762 15660 19318 5447 0 0 15802 3159 15157 0 11468 3199 0 2562 1576 0 12218 0 7155 12006 0 0 0 0 17649 8280 0 0 11078 0 0 16817 0 0 0 0 17278 17801 9041 0 11579 0 0
0 14455 11226 683 16123 0 0 0 4546 0 0 1566 0 6269 0 0 0 11969 0 8054 0 0 0 16677 7824 0 6387 14620 17875 7221 2083 0 0 0 0 11692 4046 0 9092 9386 19315 5200 6318 5877 12494 4997 0 0 0 16048 17812 11712 0 0 5480 0 16773 57 19299 0 0 14106 1007 0 0 9407 16895 0 0 17971 0 0 12717 0 0 5673 10229 18905 19082 4315 12373 0 2478 0 4252 14409 9493 15954 2564 0 14562 0 15727 5908 9654 2680 2614 0 0 0
14566 12505 0 0 469 0 2667 19501 2893 0 0 0 0 0 3674 521 0 13396 0 0 19718 0 11192 0 9419 19353 0 0 0 10383 0 16154 0 0 11692 0 0 0 0 19633 15947 7828 2468 0 18416 2234 0 14899 15090 13058 19151 779 5076 0 0 16128 5210 12504 5747 0 2970 0 8705 0 0 9791 0 0 7677 10302 17857 12724 0 0 18769 11876 0 18200 0 0 5994 0 13054 0 0 18308 0 0 18090 0 2331 0 1421 0 19048 10831 0 4768 9292 0
0 0 4837 0 0 8799 11996 0 0 0 0 1626 11706 0 1947 0 0 0 1252 18117 7894 0 2712 18105 18572 3099 250 11316 12096 0 10798 5003 0 15787 4046 0 0 0 0 18327 0 0 6125 0 0 15770 0 0 0 7498 0 1701 83 12277 7243 0 15520 0 0 0 18328 6037 939 0 0 0 1544 5451 0 0 0 15162 4128 0 16849 5879 5398 0 17340 0 4804 0 6982 1910 0 1906 0 0 0 6655 12584 0 17786 10041 0 12544 0 2093 18801 0
0 18512 0 12259 0 6968 0 0 0 0 0 7807 0 0 19186 4907 0 18820 8582 3696 16591 18573 13160 10256 1397 0 14877 0 0 0 0 13233 0 0 0 0 0 0 16554 12716 8161 9719 19144 8625 0 0 9076 18512 5714 19588 0 10631 0 0 0 16824 17052 263 8275 0 18467 12891 9480 8327 19442 0 2506 4212 0 2063 5063 0 0 0 0 19932 16107 0 0 0 18827 6680 17871 0 8133 0 4284 8674 0 0 2125 6124 0 0 9782 17646 0 4403 11690 0
5848 0 0 768 0 4882 0 0 11849 14342 0 0 10011 6367 0 0 0 0 13721 0 0 0 11396 0 18475 6557 0 0 3675 14532 0 0 141 15553 9092 0 0 16554 0 9600 0 0 11198 0 0 0 8609 9098 15798 12912 832 4839 14702 14079 17945 0 154 13168 7166 15063 18779 3401 9016 0 0 2165 0 5237 12945 7579 0 19869 18582 6811 0 0 10056 8174 0 0 0 18579 0 10210 5431 0 18415 0 1640 13604 0 10362 0 9677 12980 9009 16154 8008 0 0
0 0 4614 0 14252 19805 6961 10512 0 0 2616 0 16205 0 0 0 0 6471 0 0 11065 0 0 7825 0 5474 10086 0 11785 0 2710 18996 0 3055 9386 19633 18327 12716 9600 0 0 18124 0 6587 0 18026 11590 0 0 0 6222 13037 2849 0 19235 0 19958 971 2078 0 15277 1441 0 0 0 2570 0 0 874 0 11312 18543 9952 4513 13013 0 3678 0 4493 10463 7802 9714 0 0 0 4941 9738 17996 0 408 9194 12620 0 13077 1638 12176 18809 12894 0 0
0 0 0 0 0 0 0 0 0 0 0 9224 4804 4258 0 0 4791 18107 0 1223 0 13424 0 2563 8207 0 15621 632 887 0 0 0 0 4951 19315 15947 0 8161 0 0 0 12209 5189 0 0 10632 12126 0 18002 10184 0 4395 13785 0 18150 0 12704 0 0 0 0 17477 0 4718 17344 0 0 12685 0 0 9761 0 0 0 0 0 1159 9598 0 17282 7782 0 11622 1490 0 0 0 19476 16171 0 17043 0 11972 5685 0 935 13803 0 7507 0
0 0 9616 18889 0 0 0 0 5019 0 0 19752 0 6632 0 0 0 12268 9544 0 8382 10966 0 7058 0 0 0 18129 0 5630 0 6204 0 1214 5200 7828 0 9719 0 18124 12209 0 12016 0 5444 0 9832 0 19147 9687 0 0 0 0 0 11315 17989 0 0 0 14568 0 0 18898 9110 0 0 6054 12974 4529 0 0 0 14258 0 9892 299 0 0 0 13780 13375 0 0 17906 0 0 2683 5809 0 0 0 0 476 0 0 19568 0 0 0
0 10448 8193 4417 0 6560 0 4837 3751 11230 0 14462 0 4641 0 0 0 10354 2184 0 0 0 0 0 14289 18008 2163 2707 12736 0 0 0 16212 6044 6318 2468 6125 19144 11198 0 5189 12016 0 0 0 11194 14317 12249 0 5890 0 17273 8698 0 18271 0 19609 18891 2965 13761 3428 0 0 16225 0 1120 8503 12204 0 0 0 0 0 0 17149 1864 0 4186 0 16160 19219 0 154 3378 6384 0 14370 0 6976 2162 0 0 1245 7518 0 18095 0 0 0 0
0 0 0 0 0 4871 0 0 14006 0 0 0 0 0 7866 0 0 0 4582 4283 0 0 0 0 15791 12869 4997 0 12247 0 19402 18544 0 0 5877 0 0 8625 0 6587 0 0 0 0 0 0 13629 15658 0 13200 15686 9962 0 6217 1369 0 19676 0 17950 0 0 0 6444 17220 18498 0 0 0 0 2197 6041 0 18264 18365 18556 5046 4525 1243 0 2674 0 1563 16602 16326 15837 10470 17076 0 645 0 19396 0 15489 0 1997 13432 0 6397 0 0
6328 0 0 0 0 0 2529 3030 3406 19611 0 12139 12622 10648 0 14336 17657 0 15004 16867 0 0 0 0 0 0 4753 6769 0 3525 17592 0 5830 0 12494 18416 0 0 0 0 0 5444 0 0 0 594 12375 7179 0 0 7488 0 643 14755 0 2575 0 167 1274 12046 17855 0 0 0 7255 0 0 0 8293 16995 0 0 8924 17602 13178 10771 12073 0 4488 0 14104 4175 0 13519 0 0 0 0 18723 1050 15470 8222 10934 8808 12638 7450 2880 0 19857 0
19248 0 4380 0 0 0 0 0 14881 0 0 3368 819 13105 6148 0 14439 13004 16600 6904 0 2809 0 19939 12305 0 9440 6548 16599 0 0 4798 16988 13647 4997 2234 15770 0 0 18026 10632 0 11194 0 594 0 18540 0 5734 4877 0 10617 15677 0 0 11466 17686 10639 10687 8929 13332 16456 8240 12172 2512 6412 7388 0 11444 0 0 0 0 4971 6192 12777 0 40 0 12917 10398 18475 0 0 4739 1035 0 15633 0 1255 255 0 163 0 19351 3289 10651 0 0 0
0 0 15289 0 14117 16869 14106 0 0 0 3637 17748 0 11546 0 0 9460 1637 14915 14946 13312 15399 9925 0 0 3066 0 8138 0 12994 7525 7952 0 0 0 0 0 9076 8609 11590 12126 9832 14317 13629 12375 18540 0 3547 17692 16806 0 0 0 15571 6315 0 12928 11555 0 2710 0 8939 0 7775 0 6088 12675 16827 6183 7902 5306 0 18988 0 2142 3808 9184 10391 0 1380 0 4256 0 0 2302 16278 0 0 10747 0 0 0 9242 7321 0 12832 0 0 0 0
1651 8280 0 0 11577 19278 2423 0 16105 0 11616 12414 3738 3786 0 19390 16665 13423 7594 0 0 777 16540 0 19540 0 0 0 0 0 0 11989 0 0 0 14899 0 18512 9098 0 0 0 12249 15658 7179 0 3547 0 0 18552 0 0 6138 9354 19417 395 9754 17579 13696 7264 11739 0 12417 6953 0 8126 6030 11285 3722 5924 4025 0 6801 777 0 5826 0 2047 0 13946 0 1058 361 7197 0 2692 14308 0 12962 0 0 0 0 2783 3361 0 0 0 9846 0
4787 15197 0 11105 6286 8874 15741 4551 0 148 0 0 0 7287 0 15994 14259 10265 13838 0 2032 15026 15961 0 14345 10906 16576 2606 0 0 0 0 15297 13779 0 15090 0 5714 15798 0 18002 19147 0 0 0 5734 17692 0 0 0 18718 1760 2724 15248 0 13669 17354 15384 0 5209 15859 1977 17323 10769 8656 0 14841 7782 0 0 13013 2863 0 2381 5275 7516 19952 12374 10586 9745 0 0 0 0 4234 10662 4099 15849 0 0 634 0 0 18447 0 0 8725 4609 2701 0
0 17466 17724 17176 0 0 0 15169 2720 16842 0 0 7104 6888 134 0 0 19772 6796 13256 0 19360 9159 14817 0 18336 0 0 505 18346 0 18309 17729 14559 16048 13058 7498 19588 12912 0 10184 9687 5890 13200 0 4877 16806 18552 0 0 1143 18267 1401 1920 0 0 0 1432 0 0 7163 0 4616 17088 1379 15856 10209 0 5026 0 14766 0 13964 0 17617 0 17875 5633 0 2816 676 1729 19258 6558 1231 13206 0 1133 10039 282 0 5199 19724 19661 13342 0 5276 0 743 0
16218 4151 17156 3714 0 0 0 0 57 10140 0 0 0 0 2121 0 0 6955 0 0 0 0 16342 979 0 0 17400 0 0 0 5012 0 0 0 17812 19151 0 0 832 6222 0 0 0 15686 7488 0 0 0 18718 1143 0 0 4168 2223 0 0 0 10776 0 17386 0 1502 2954 0 1043 605 15580 6508 5222 15892 13634 1857 0 5247 12992 12007 11219 7996 9486 0 1518 10825 7791 0 0 0 0 6333 0 11990 338 2817 4633 1114 1342 9303 6697 0 6264 0
17409 0 14002 0 0 2951 0 19004 0 6689 8008 0 0 0 3631 0 0 8098 0 0 0 0 0 0 0 9206 0 0 6640 0 16287 19058 6772 0 11712 779 1701 10631 4839 13037 4395 0 17273 9962 0 10617 0 0 1760 18267 0 0 13062 0 6434 3807 12204 10023 17180 2561 3004 7845 0 0 0 4727 9643 15183 13506 0 11713 18344 3536 12026 0 11358 4252 4271 3470 0 13193 19123 0 0 0 3442 9929 1298 0 2141 15738 1395 18068 9627 15345 987 0 18791 5114 0
0 0 0 18938 0 0 17216 0 0 0 13717 0 0 0 18246 13185 0 0 0 15259 16312 4460 0 17335 6708 2778 0 0 17119 0 0 8441 3585 14345 0 5076 83 0 14702 2849 13785 0 8698 0 643 15677 0 6138 2724 1401 4168 13062 0 19893 10647 802 0 15417 17241 15213 15699 19810 0 10806 0 16384 15284 13568 18970 0 8727 18870 0 12491 13011 1515 0 0 11995 18885 0 0 3334 18308 11641 0 18305 10026 17340 10002 10153 13440 0 16298 0 19165 7272 0 4983 0
9091 0 0 0 19848 0 0 0 5075 0 0 9322 0 0 0 0 0 10028 0 0 4830 10359 9870 0 9449 0 0 0 5952 12626 2037 0 6898 4647 0 0 12277 0 14079 0 0 0 0 6217 14755 0 15571 9354 15248 1920 2223 0 19893 0 8390 12564 0 1897 11919 0 3535 0 0 6393 9788 3586 17736 10475 13974 14326 7009 14755 15666 16383 0 18008 3359 10345 11424 0 11105 14473 0 8856 11899 11569 2705 12207 0 8144 12222 9301 17037 15035 15210 1596 0 13567 15166 0
0 15886 0 1465 0 18068 0 0 0 0 5613 0 7053 12420 14134 17460 0 17921 0 14764 0 0 4038 0 0 0 572 13802 0 0 2271 0 7368 0 5480 0 7243 0 17945 19235 18150 0 18271 1369 0 0 6315 19417 0 0 0 6434 10647 8390 0 0 19980 8819 14175 1554 4300 12080 0 15947 8004 16620 9651 0 13930 5221 0 5701 11304 12594 0 0 0 4922 283 18571 2559 2021 0 0 1220 8244 19931 4667 11830 6544 19345 6898 9229 6812 0 19743 7329 0 6797 0
0 10261 0 15323 0 0 0 0 0 0 0 0 11884 17239 0 0 3392 5445 0 0 3615 1028 0 10556 0 0 9647 0 13424 3961 4941 15584 0 0 0 16128 0 16824 0 0 0 11315 0 0 2575 11466 0 395 13669 0 0 3807 802 12564 0 0 18487 11868 0 0 6605 1287 0 18382 16629 1270 2915 18765 6802 4181 3448 2630 12316 3550 1375 19524 15939 19095 16406 19039 5135 0 11669 18823 3148 2077 18589 7274 5069 0 13925 7506 8390 4957 14939 10714 4963 8424 0 0
6914 11773 6445 4330 0 0 0 0 0 0 2331 19013 0 2296 0 12443 10884 7584 17463 0 1855 13894 7861 0 14944 0 8419 0 13399 0 0 0 0 0 16773 5210 15520 17052 154 19958 12704 17989 19609 19676 0 17686 12928 9754 17354 0 0 12204 0 0 19980 18487 0 0 9023 5232 0 513 5155 4601 15176 0 15952 0 1163 741 13699 6638 15396 0 5590 6077 1944 0 3446 1432 18425 8155 6963 18151 1137 10900 11673 0 5817 6898 14454 18176 0 5763 0 4835 0 0 0 0
10814 8959 0 0 15356 0 0 0 0 11338 0 2283 14340 0 0 19136 0 0 17393 10053 0 0 3675 12018 10349 14248 0 18444 17701 19538 7077 6437 0 10762 57 12504 0 263 13168 971 0 0 18891 0 167 10639 11555 17579 15384 1432 10776 10023 15417 1897 8819 11868 0 0 6469 9128 0 11798 3523 13283 12739 16330 2986 0 385 6122 13347 0 695 5404 7548 8192 0 4530 2328 0 12126 16095 4089 7451 14991 0 13848 2408 16705 3898 15767 19131 15693 16399 0 0 0 3028 0 0
0 0 18547 0 1352 0 0 0 19864 0 1807 0 10173 0 4881 16750 4507 0 0 0 0 0 19660 0 0 0 0 0 17213 18511 11341 0 0 15660 19299 5747 0 8275 7166 2078 0 0 2965 17950 1274 10687 0 13696 0 0 0 17180 17241 11919 14175 0 9023 6469 0 6838 3667 9092 7894 17980 14813 0 13290 8653 0 12914 0 16159 0 0 0 4209 0 0 0 15700 0 15572 0 0 14136 10131 3852 4203 18124 0 17580 10907 7328 5006 5601 15717 18747 19214 859 0
191 0 15800 14704 0 0 7308 0 0 0 0 7314 0 6937 11731 0 15108 18497 1968 9665 0 1541 0 0 3356 0 0 14120 10449 0 17697 15877 0 19318 0 0 0 0 15063 0 0 0 13761 0 12046 8929 2710 7264 5209 0 17386 2561 15213 0 1554 0 5232 9128 6838 0 10909 2698 0 13389 133 16103 10007 18536 4794 0 0 2546 3129 0 14233 7225 2234 0 17126 12198 19738 0 18825 17382 0 7967 4175 10162 0 4406 2588 1950 2081 981 15595 8336 17464 9571 4871 0
18014 4153 0 8245 5779 17312 13998 0 14572 12682 0 11134 0 0 200 3508 0 19726 3843 0 7766 4598 15112 0 12883 10070 18850 0 5166 13484 6951 0 17195 5447 0 2970 18328 18467 18779 15277 0 14568 3428 0 17855 13332 0 11739 15859 7163 0 3004 15699 3535 4300 6605 0 0 3667 10909 0 0 12975 18295 102 3260 0 10691 0 0 12046 0 18151 0 9062 0 1635 16079 16704 0 2020 2163 0 3711 0 6907 13833 0 5247 10496 16184 9670 3859 0 7169 11548 17393 1216 0 0
0 0 0 0 16243 17099 0 16304 0 16671 0 0 0 0 0 0 0 0 0 9258 0 16588 0 94 0 0 7426 0 0 3406 5770 0 11222 0 14106 0 6037 12891 3401 1441 17477 0 0 0 0 16456 8939 0 1977 0 1502 7845 19810 0 12080 1287 513 11798 9092 2698 0 0 874 19256 18328 6506 19152 14190 2848 2707 0 16420 0 0 16476 0 8122 18320 3007 2340 18099 6488 0 10104 0 15142 6900 9846 13051 8897 2967 12214 18279 13730 17423 0 17998 0 19573 0
0 0 0 15301 0 7946 0 15282 0 18609 13072 5232 3560 0 1580 0 19456 10140 0 0 0 0 5602 0 0 0 9313 18702 169 8620 0 13839 13895 0 1007 8705 939 9480 9016 0 0 0 0 6444 0 8240 0 12417 17323 4616 2954 0 0 0 0 0 5155 3523 7894 0 12975 874 0 4243 10822 0 18808 16662 0 9635 17353 13915 13817 18169 11546 0 0 7248 0 14038 14442 8434 8633 738 0 12805 15394 19141 0 0 7782 0 18277 6953 9480 10864 16263 0 17912 0
5420 2760 0 0 0 0 2060 0 0 18895 948 0 0 0 0 9141 0 0 9813 0 2271 261 17079 4707 0 0 10863 0 7473 8780 2882 19219 10681 15802 0 0 0 8327 0 0 4718 18898 16225 17220 0 12172 7775 6953 10769 17088 0 0 10806 6393 15947 18382 4601 13283 17980 13389 18295 19256 4243 0 0 12431 0 8545 12206 19261 3021 4580 12678 8796 4053 5566 0 14686 8818 0 0 9960 10209 9618 0 4778 16440 13911 0 9529 1281 0 0 6882 11639 251 8737 13194 0 0
12376 0 0 0 18998 0 0 0 0 7886 0 13603 11455 1816 0 17915 0 0 0 0 0 13720 0 0 16045 0 16292 14954 8483 0 2027 10044 0 3159 0 0 0 19442 0 0 17344 9110 0 18498 7255 2512 0 0 8656 1379 1043 0 0 9788 8004 16629 15176 12739 14813 133 102 18328 10822 0 0 0 1488 0 0 14247 11652 0 13857 3617 12388 12523 4301 417 2659 15987 4186 0 3118 0 0 0 0 1111 0 0 10726 0 19109 1634 19402 0 0 9363 8712 0
0 0 3789 0 0 3692 7171 0 15790 7866 2095 13796 0 4094 3500 0 0 0 0 10164 15972 0 0 0 0 418 0 0 9421 0 0 11351 0 15157 9407 9791 0 0 2165 2570 0 0 1120 0 0 6412 6088 8126 0 15856 605 4727 16384 3586 16620 1270 0 16330 0 16103 3260 6506 0 12431 0 0 3382 8260 18368 1755 7738 13098 12291 11969 1510 0 733 19835 1938 19515 12773 0 6881 9312 4230 4172 5446 11559 0 19149 7476 14457 16001 16041 3204 4304 5693 2352 19039 0
0 0 17990 9314 10496 7352 0 0 0 0 0 0 0 0 0 1743 3999 8828 14465 8963 5178 9443 0 16528 0 0 16559 3853 11678 0 14003 16557 0 0 16895 0 1544 2506 0 0 0 0 8503 0 0 7388 12675 6030 14841 10209 15580 9643 15284 17736 9651 2915 15952 2986 13290 10007 0 19152 18808 0 1488 3382 0 18400 0 19870 0 14567 15495 12233 0 18620 0 13857 18344 5561 2841 18995 6588 0 425 9001 8327 12422 6077 898 9456 4838 15489 13389 18018 0 16599 3128 19338 0
0 15868 5827 0 0 0 0 0 3991 2019 0 0 0 0 0 0 9387 0 4314 0 4104 0 0 14114 0 17923 0 0 15000 17853 14433 0 0 11468 0 0 5451 4212 5237 0 12685 6054 12204 0 0 0 16827 11285 7782 0 6508 15183 13568 10475 0 18765 0 0 8653 18536 10691 14190 16662 8545 0 8260 18400 0 17109 0 16115 16966 1059 16182 13190 10951 7979 4191 4589 14307 0 7728 16605 4457 2614 6465 17659 0 11378 0 19003 0 0 14209 408 17983 0 5798 11075 0
2883 6601 8754 16577 0 0 0 0 0 3682 0 12567 0 14638 0 8596 8968 0 15015 0 0 12680 0 17062 14409 5031 18968 0 18293 0 0 4183 0 3199 0 7677 0 0 12945 874 0 12974 0 0 8293 11444 6183 3722 0 5026 5222 13506 18970 13974 13930 6802 1163 385 0 4794 0 2848 0 12206 0 18368 0 17109 0 18004 2689 4656 17459 2241 13156 8287 12069 12129 16596 15926 1748 8824 6268 0 5414 8896 0 0 19495 0 14466 9977 19407 3194 1764 12019 0 12809 3738 0
0 12730 0 0 0 0 0 14092 0 2017 0 2839 6812 0 3640 19633 0 15128 0 0 0 3149 0 2445 0 15952 0 2821 0 0 0 16994 0 0 17971 10302 0 2063 7579 0 0 4529 0 2197 16995 0 7902 5924 0 0 15892 0 0 14326 5221 4181 741 6122 12914 0 0 2707 9635 19261 14247 1755 19870 0 18004 0 0 5022 9495 4131 3038 0 12719 9634 14746 2091 12203 18338 12508 0 8727 9175 6201 13226 3901 13037 2037 0 13128 8484 3937 7180 8889 3818 10278 0
0 0 4045 0 0 0 0 10017 0 0 0 10133 0 701 4921 0 0 0 0 15188 14197 0 0 0 4660 0 0 5305 4000 16566 0 0 0 2562 0 17857 0 5063 0 11312 9761 0 0 6041 0 0 5306 4025 13013 14766 13634 11713 8727 7009 0 3448 13699 13347 0 0 12046 0 17353 3021 11652 7738 0 16115 2689 0 0 11026 4796 11920 0 13216 11637 8637 10281 16415 49 6109 12767 0 0 0 16875 14214 488 4958 15379 0 6046 18610 14188 10356 5172 0 9096 0
7420 0 0 8163 0 0 7697 12270 0 0 9521 0 6752 0 4275 15173 0 3131 0 17634 0 0 16692 0 0 0 230 18815 665 0 724 7006 0 1576 0 12724 15162 0 19869 18543 0 0 0 0 0 0 0 0 2863 0 1857 18344 18870 14755 5701 2630 6638 0 16159 2546 0 16420 13915 4580 0 13098 14567 16966 4656 5022 11026 0 0 2880 9349 11841 15038 19153 14687 245 16865 12638 9816 4300 0 0 11641 17890 1144 9197 1423 3267 16235 4726 15127 5369 6630 11636 13456 0
0 11823 10961 0 8359 0 0 0 14534 0 0 14007 6398 0 0 0 459 15289 0 0 11107 0 3752 0 0 0 0 0 0 0 12415 13716 12648 0 12717 0 4128 0 18582 9952 0 0 0 18264 8924 0 18988 6801 0 13964 0 3536 0 15666 11304 12316 15396 695 0 3129 18151 0 13817 12678 13857 12291 15495 1059 17459 9495 4796 0 0 15249 11729 7731 5914 2091 1726 10135 7932 15052 16898 12335 7547 12304 0 10811 2646 10699 10620 5395 5100 0 5753 19650 9595 9935 1865 0
0 5023 0 15208 0 14605 0 0 0 0 0 7515 9226 0 0 17215 0 0 11831 0 8686 0 0 19746 14092 0 0 12037 0 0 0 19710 0 12218 0 0 0 0 6811 4513 0 14258 0 18365 17602 4971 0 777 2381 0 5247 12026 12491 16383 12594 3550 0 5404 0 0 0 0 18169 8796 3617 11969 12233 16182 2241 4131 11920 2880 15249 0 3441 13472 1278 9402 14842 1417 15985 7186 1104 4301 14194 18842 6903 5192 12689 4161 0 16937 0 4988 2835 3163 19 0 8632 0
0 0 0 4599 0 15789 0 0 8299 5816 10830 0 1880 13920 0 6878 6861 0 4058 300 0 4229 0 0 13955 1365 0 0 6256 7428 0 18394 11308 0 0 18769 16849 0 0 13013 0 0 17149 18556 13178 6192 2142 0 5275 17617 12992 0 13011 0 0 1375 5590 7548 0 14233 9062 16476 11546 4053 12388 1510 0 13190 13156 3038 0 9349 11729 3441 0 1920 13650 7258 0 4631 16396 1428 10122 6275 9735 13863 10637 11852 16515 3417 7052 0 18625 0 9663 5542 2334 18859 12194 0
0 18614 10218 0 14138 0 0 4892 0 12152 15065 0 0 5988 0 0 0 16339 13909 0 2466 0 0 16667 13924 12132 0 1014 929 0 13698 15123 7868 7155 5673 11876 5879 19932 0 0 0 9892 1864 5046 10771 12777 3808 5826 7516 0 12007 11358 1515 18008 0 19524 6077 8192 4209 7225 0 0 0 5566 12523 0 18620 10951 8287 0 13216 11841 7731 13472 1920 0 910 14106 19872 2288 3532 7355 19555 18751 15254 14064 19537 17515 7931 14079 5581 9537 1038 16703 9130 7966 19353 6144 6108 0
14238 17735 0 0 1196 0 0 0 0 2936 6644 18872 0 0 5020 5099 0 11756 1753 11557 0 14818 0 0 0 0 15470 7596 7517 0 16826 16185 8918 12006 10229 0 5398 16107 10056 3678 1159 299 0 4525 12073 0 9184 0 19952 17875 11219 4252 0 3359 0 15939 1944 0 0 2234 1635 8122 0 0 4301 733 0 7979 12069 12719 11637 15038 5914 1278 13650 910 0 1714 0 14686 10773 2771 16863 9702 17263 16429 11259 16291 18475 10814 10428 17871 11313 588 11064 7059 13852 19911 3909 0
0 0 8694 16880 0 16830 0 11628 11528 0 7629 0 0 15651 0 0 0 0 17000 8491 0 11734 0 16106 0 10811 4196 5902 15553 0 10005 6143 13739 0 18905 18200 0 0 8174 0 9598 0 4186 1243 0 40 10391 2047 12374 5633 7996 4271 0 10345 4922 19095 0 4530 0 0 16079 18320 7248 14686 417 19835 13857 4191 12129 9634 8637 19153 2091 9402 7258 14106 1714 0 0 4930 17575 12630 12752 4714 0 15140 0 5215 2809 15734 9507 1599 6513 9758 4601 17815 13085 2501 15602 0
19978 15711 0 0 0 0 4310 0 0 0 466 13938 0 1365 17181 0 0 0 0 0 15745 14148 0 0 0 9187 0 0 10908 0 0 0 0 0 19082 0 17340 0 0 4493 0 0 0 0 4488 0 0 0 10586 0 9486 3470 11995 11424 283 16406 3446 2328 0 17126 16704 3007 0 8818 2659 1938 18344 4589 16596 14746 10281 14687 1726 14842 0 19872 0 0 0 12380 6363 0 11945 2283 3832 4516 19351 16115 10051 6866 9296 7675 18293 12156 9325 10944 2608 11346 3663 0
15001 4836 0 0 0 0 0 0 0 7472 13852 0 0 5575 0 12477 0 7722 0 0 0 0 0 0 7163 18547 0 0 10753 4711 1392 4887 871 0 4315 0 0 0 0 10463 17282 0 16160 2674 0 12917 1380 13946 9745 2816 0 0 18885 0 18571 19039 1432 0 15700 12198 0 2340 14038 0 15987 19515 5561 14307 15926 2091 16415 245 10135 1417 4631 2288 14686 4930 12380 0 0 2126 90 1524 19914 12362 7612 1855 3329 16120 13841 8339 12094 16714 2992 12178 0 4319 19542 0
0 0 19596 0 0 0 0 11990 0 7512 0 11469 0 0 3713 0 754 0 0 0 0 0 0 13682 0 0 4141 0 0 12405 9114 309 0 0 12373 5994 4804 18827 0 7802 7782 13780 19219 0 14104 10398 0 0 0 676 1518 13193 0 11105 2559 5135 18425 12126 0 19738 2020 18099 14442 0 4186 12773 2841 0 1748 12203 49 16865 7932 15985 16396 3532 10773 17575 6363 0 0 339 6194 13659 1034 18311 12805 16251 3032 3910 3494 2632 18680 19876 18217 5201 12232 0 6483 0
0 4800 0 0 0 0 0 0 3551 0 0 0 0 0 304 2354 15734 0 0 12446 18355 7318 15792 14414 0 0 16484 0 17332 18146 0 0 0 17649 0 0 0 6680 18579 9714 0 13375 0 1563 4175 18475 4256 1058 0 1729 10825 19123 0 14473 2021 0 8155 16095 15572 0 2163 6488 8434 9960 0 0 18995 7728 8824 18338 6109 12638 15052 7186 1428 7355 2771 12630 0 2126 339 0 9271 7273 12292 15172 0 14757 834 16733 10671 2541 1144 18044 2306 19283 1027 7740 6138 0
0 18254 0 17862 4235 0 0 0 18174 0 0 12067 0 0 0 14021 0 2278 3345 9674 0 0 5705 0 0 6381 12530 17201 15445 0 0 3869 0 8280 2478 13054 6982 17871 0 0 11622 0 154 16602 0 0 0 361 0 19258 7791 0 3334 0 0 11669 6963 4089 0 18825 0 0 8633 10209 3118 6881 6588 16605 6268 12508 12767 9816 16898 1104 10122 19555 16863 12752 11945 90 6194 9271 0 18785 17819 2530 16926 6803 9579 17663 16716 938 4959 5296 12166 0 6118 10444 10691 0
0 0 14863 0 19205 0 0 18147 12207 0 0 0 0 18444 16342 6126 0 0 0 14643 8678 0 11136 19352 11048 0 9485 0 0 12909 2781 0 0 0 0 0 1910 0 10210 0 1490 0 3378 16326 13519 0 0 7197 0 6558 0 0 18308 8856 0 18823 18151 7451 0 17382 3711 10104 738 9618 0 9312 0 4457 0 0 0 4300 12335 4301 6275 18751 9702 4714 2283 1524 13659 7273 18785 0 4099 5545 5713 5821 10470 18002 12101 0 7130 9026 13237 13802 8844 1263 787 0
0 9850 0 14847 0 10019 5710 0 0 0 0 366 0 13625 0 7759 0 15573 14495 0 17412 7796 0 4614 0 0 0 6985 0 17106 8375 0 1457 0 4252 0 0 8133 5431 0 0 17906 6384 15837 0 4739 2302 0 4234 1231 0 0 11641 11899 1220 3148 1137 14991 14136 0 0 0 0 0 0 4230 425 2614 5414 8727 0 0 7547 14194 9735 15254 17263 0 3832 19914 1034 12292 17819 4099 0 9750 64 15576 0 4629 11790 9410 14299 4839 7815 3696 16880 12594 18845 0
0 0 0 0 0 0 0 0 0 0 0 0 0 0 5507 0 0 0 0 0 8905 2709 0 0 0 0 8075 14689 0 0 0 0 0 11078 14409 18308 1906 0 0 4941 0 0 0 10470 0 1035 16278 2692 10662 13206 0 3442 0 11569 8244 2077 10900 0 10131 7967 6907 15142 12805 4778 0 4172 9001 6465 8896 9175 0 0 12304 18842 13863 14064 16429 15140 4516 12362 18311 15172 2530 5545 9750 0 9332 15388 0 9274 74 16904 12984 3885 18992 19134 5266 2634 17803 0
2827 1907 0 0 0 2653 0 0 0 17413 0 0 0 0 17223 9671 74 0 0 4234 0 0 18699 0 16169 0 13049 2809 0 14986 0 18167 11913 0 9493 0 0 4284 18415 9738 0 0 14370 17076 0 0 0 14308 4099 0 0 9929 18305 2705 19931 18589 11673 13848 3852 4175 13833 6900 15394 16440 0 5446 8327 17659 0 6201 16875 11641 0 6903 10637 19537 11259 0 19351 7612 12805 0 16926 5713 64 9332 0 8245 1592 9669 4969 12782 140 3403 9740 12169 15401 5559 3294 0
0 0 10247 0 1163 0 5021 0 15341 0 0 0 0 0 0 3877 0 18169 0 14143 2660 19073 0 0 0 15732 4764 0 0 13447 19317 9094 0 0 15954 0 0 8674 0 17996 19476 2683 0 0 0 15633 0 0 15849 1133 6333 1298 10026 12207 4667 7274 0 2408 4203 10162 0 9846 19141 13911 1111 11559 12422 0 0 13226 14214 17890 10811 5192 11852 17515 16291 5215 16115 1855 16251 14757 6803 5821 15576 15388 8245 0 19247 11803 14610 12577 15612 10314 7373 18252 10550 14903 6586 0
15898 9333 9782 0 0 2888 0 3174 0 18638 0 0 14686 16873 0 0 0 0 0 0 0 8186 10206 11469 1064 0 0 5235 0 0 0 0 0 16817 2564 18090 0 0 1640 0 16171 5809 6976 645 18723 0 10747 12962 0 10039 0 0 17340 0 11830 5069 5817 16705 18124 0 5247 13051 0 0 0 0 6077 11378 19495 3901 488 1144 2646 12689 16515 7931 18475 2809 10051 3329 3032 834 9579 10470 0 0 1592 19247 0 10562 18714 13655 3199 18701 2421 19983 3970 5411 5987 0
4551 8696 14970 0 0 0 15231 0 6038 0 0 0 0 0 2475 0 11916 18392 3543 0 14603 6662 0 8490 0 0 0 0 6557 0 7293 10288 0 0 0 0 6655 0 13604 408 0 0 2162 0 1050 1255 0 0 0 282 11990 2141 10002 8144 6544 0 6898 3898 0 4406 10496 8897 0 9529 0 19149 898 0 0 13037 4958 9197 10699 4161 3417 14079 10814 15734 6866 16120 3910 16733 17663 18002 4629 9274 9669 11803 10562 0 6557 8016 2891 13535 18493 8709 15897 13605 4002 0
0 6780 0 7283 0 5092 0 0 0 0 256 0 0 6017 0 4267 3810 0 0 2847 0 0 0 0 0 4589 1064 0 14703 0 16073 4917 4453 0 14562 2331 12584 2125 0 9194 17043 0 0 19396 15470 255 0 0 634 0 338 15738 10153 12222 19345 13925 14454 15767 17580 2588 16184 2967 7782 1281 10726 7476 9456 19003 14466 2037 15379 1423 10620 0 7052 5581 10428 9507 9296 13841 3494 10671 16716 12101 11790 74 4969 14610 18714 6557 0 2013 6528 1876 8649 14277 832 10556 15785 0
0 1646 0 293 6816 0 1399 1806 11885 0 11907 0 0 0 8352 15981 19849 17514 0 17715 12551 15244 0 5458 12049 600 4732 0 11270 11574 18301 0 3232 0 0 0 0 6124 10362 12620 0 0 0 0 8222 0 0 0 0 5199 2817 1395 13440 9301 6898 7506 18176 19131 10907 1950 9670 12214 0 0 0 14457 4838 0 9977 0 0 3267 5395 16937 0 9537 17871 1599 7675 8339 2632 2541 938 0 9410 16904 12782 12577 13655 8016 2013 0 6314 5985 11605 9726 19752 17742 9164 0
0 0 0 0 1769 0 0 17785 5178 0 15577 0 0 0 15445 0 17822 0 10858 0 17700 14738 10446 8539 13084 15106 0 9223 8379 1325 437 0 0 0 15727 1421 17786 0 0 0 11972 0 1245 15489 10934 163 9242 0 0 19724 4633 18068 0 17037 9229 8390 0 15693 7328 2081 3859 18279 18277 0 19109 16001 15489 0 19407 13128 6046 16235 5100 0 18625 1038 11313 6513 18293 12094 18680 1144 4959 7130 14299 12984 140 15612 3199 2891 6528 6314 0 958 12716 5339 13948 6468 1160 0
7111 10474 0 14897 18957 0 9313 12826 0 2748 0 10773 0 18111 0 0 14350 0 3242 12845 0 0 8411 0 2137 18015 0 6719 5856 17728 6555 0 0 17278 5908 0 10041 0 9677 13077 5685 476 7518 0 8808 0 7321 2783 18447 19661 1114 9627 16298 15035 6812 4957 5763 16399 5006 981 0 13730 6953 6882 1634 16041 13389 14209 3194 8484 18610 4726 0 4988 0 16703 588 9758 12156 16714 19876 18044 5296 9026 4839 3885 3403 10314 18701 13535 1876 5985 958 0 1855 170 13964 10828 11495 0
10626 0 0 0 0 0 0 0 0 0 0 0 890 8113 19062 0 13557 0 0 5601 9531 0 0 0 1490 0 18582 5893 0 3106 16449 0 0 17801 9654 19048 0 9782 12980 1638 0 0 0 1997 12638 19351 0 3361 0 13342 1342 15345 0 15210 0 14939 0 0 5601 15595 7169 17423 9480 11639 19402 3204 18018 408 1764 3937 14188 15127 5753 2835 9663 9130 11064 4601 9325 2992 18217 2306 12166 13237 7815 18992 9740 7373 2421 18493 8649 11605 12716 1855 0 7607 7903 377 18615 0
0 0 0 0 1783 0 0 0 19820 0 0 0 0 0 17069 0 0 0 0 0 8319 3333 0 17405 3978 14641 0 0 0 12960 0 2990 0 9041 2680 10831 12544 17646 9009 12176 935 0 18095 13432 7450 3289 12832 0 0 0 9303 987 19165 1596 19743 10714 4835 0 15717 8336 11548 0 10864 251 0 4304 0 17983 12019 7180 10356 5369 19650 3163 5542 7966 7059 17815 10944 12178 5201 19283 0 13802 3696 19134 12169 18252 19983 8709 14277 9726 5339 170 7607 0 14280 5460 7284 0
7415 0 0 17467 15954 0 1265 9483 11365 0 0 19394 10009 16006 0 0 0 9654 19759 0 0 0 0 0 1095 0 0 0 19034 4755 529 2394 0 0 2614 0 0 0 16154 18809 13803 19568 0 0 2880 10651 0 0 8725 5276 6697 0 7272 0 7329 4963 0 0 18747 17464 17393 17998 16263 8737 0 5693 16599 0 0 8889 5172 6630 9595 19 2334 19353 13852 13085 2608 0 12232 1027 6118 8844 16880 5266 15401 10550 3970 15897 832 19752 13948 13964 7903 14280 0 17241 6227 0
0 0 0 0 0 0 3968 16844 0 0 0 0 9569 0 15866 9005 0 0 0 0 0 0 981 0 0 2570 15275 14282 18569 7183 0 0 9509 11579 0 4768 2093 4403 8008 12894 0 0 0 6397 0 0 0 0 4609 0 0 18791 0 13567 0 8424 0 3028 19214 9571 1216 0 0 13194 9363 2352 3128 5798 12809 3818 0 11636 9935 0 18859 6144 19911 2501 11346 4319 0 7740 10444 1263 12594 2634 5559 14903 5411 13605 10556 17742 6468 10828 377 5460 17241 0 3464 0
0 6761 0 0 0 2377 0 0 9988 0 3616 13044 0 0 0 12400 0 10985 11002 18445 0 0 3469 6653 661 19104 0 0 0 13771 6908 16310 0 0 0 9292 18801 11690 0 0 7507 0 0 0 19857 0 0 9846 2701 743 6264 5114 4983 15166 6797 0 0 0 859 4871 0 19573 17912 0 8712 19039 19338 11075 3738 10278 9096 13456 1865 8632 12194 6108 3909 15602 3663 19542 6483 6138 10691 787 18845 17803 3294 6586 5987 4002 15785 9164 1160 11495 18615 7284 6227 3464 0 8039
0 0 0 0 0 0 0 0 0 0 0 0 0 0 0 0 0 0 0 0 0 0 0 0 0 0 0 0 0 0 0 0 0 0 0 0 0 0 0 0 0 0 0 0 0 0 0 0 0 0 0 0 0 0 0 0 0 0 0 0 0 0 0 0 0 0 0 0 0 0 0 0 0 0 0 0 0 0 0 0 0 0 0 0 0 0 0 0 0 0 0 0 0 0 0 0 0 0 8039 0
