15
0 66287222 96982482 36832838 783413373 536126282 947368618 597772547 228351108 597751500 39024616 651210913 262777225 673556058 843653498
66287222 0 746856354 706397712 404489140 958683866 310673583 381528758 307307242 676631755 217783037 241358989 184032245 931780531 937501007
96982482 746856354 0 87187827 704469664 641907545 60979703 755443696 346670417 974288967 110458731 189172212 512181812 580805452 622915101
36832838 706397712 87187827 0 709601260 114242056 53968523 133573014 78856924 606789582 810764925 5183131 670921789 140055594 672871866
783413373 404489140 704469664 709601260 0 48966980 485053076 389043982 674320260 70332123 467551615 269123298 562754584 493798979 62078259
536126282 958683866 641907545 114242056 48966980 0 155559268 855808152 643155667 793767841 684408781 305267431 48706078 249901806 977975393
947368618 310673583 60979703 53968523 485053076 155559268 0 909233017 997629073 333283623 177535590 422563910 660680200 322413225 655178729
597772547 381528758 755443696 133573014 389043982 855808152 909233017 0 35346175 276130086 874792324 957086529 968379024 626524460 174706637
228351108 307307242 346670417 78856924 674320260 643155667 997629073 35346175 0 586202550 155282698 565704648 682205685 159081179 84484847
597751500 676631755 974288967 606789582 70332123 793767841 333283623 276130086 586202550 0 506537093 654386283 524405708 345560640 828054518
39024616 217783037 110458731 810764925 467551615 684408781 177535590 874792324 155282698 506537093 0 252604772 181963595 421560294 257465537
651210913 241358989 189172212 5183131 269123298 305267431 422563910 957086529 565704648 654386283 252604772 0 230165951 95976016 51527630
262777225 184032245 512181812 670921789 562754584 48706078 660680200 968379024 682205685 524405708 181963595 230165951 0 331433801 98090764
673556058 931780531 580805452 140055594 493798979 249901806 322413225 626524460 159081179 345560640 421560294 95976016 331433801 0 709845516
843653498 937501007 622915101 672871866 62078259 977975393 655178729 174706637 84484847 828054518 257465537 51527630 98090764 709845516 0
