100 4
2.651461 2.033130 70.371727 24.943682
37.213802 23.588225 36.908325 2.289649
78.855390 9.599458 11.224874 0.320278
0.922392 8.928983 4.187329 85.961296
53.888195 15.446807 10.138064 20.526935
3.705554 8.291272 75.151976 12.851197
0.303299 3.224640 49.833250 46.638811
12.278096 75.410737 11.294473 1.016694
56.566812 2.178267 0.139753 41.115168
1.769128 89.234016 8.660233 0.336624
22.436418 31.688158 44.324169 1.551255
10.028429 19.806466 44.411276 25.753829
18.109242 29.127307 0.347817 52.415634
3.006168 60.585250 0.956688 35.451894
15.859615 45.888485 23.226411 15.025489
30.047758 42.824338 0.522407 26.605496
8.965204 22.868653 44.286045 23.880097
27.989171 47.382392 13.956891 10.671546
4.949842 77.422667 3.855593 13.771898
4.953348 91.945971 0.844556 2.256124
9.416512 21.230175 62.785628 6.567685
6.741076 1.370743 63.245159 28.643021
22.535236 25.348305 28.801075 23.315383
18.227074 0.837839 10.267866 70.667221
15.500818 4.226346 38.229243 42.043593
46.366856 50.849856 1.114776 1.668512
55.996403 0.954188 11.225140 31.824270
50.089628 2.872193 44.623609 2.414570
28.042184 64.724929 6.645947 0.586939
13.907795 18.289232 27.856185 39.946787
20.373821 4.266824 8.514064 66.845291
53.805676 26.842537 18.775373 0.576414
44.398551 33.628122 20.141266 1.832061
1.264417 10.769031 75.375740 12.590812
15.329684 34.931249 42.290426 7.448640
0.746286 33.550415 25.427520 40.275779
4.245769 92.635239 0.930833 2.188158
7.972468 69.315657 21.503052 1.208823
3.941262 8.742231 45.039937 42.276571
30.787217 3.485069 35.119505 30.608209
26.573536 71.747946 1.500918 0.177600
62.083896 28.769707 8.936209 0.210188
12.284653 40.347568 28.852611 18.515168
24.634604 55.876275 16.810831 2.678289
21.880381 31.932907 37.978905 8.207807
8.065193 81.155669 7.495098 3.284040
50.044169 1.165890 44.171075 4.618866
22.134665 21.979840 51.995153 3.890341
42.814812 4.067722 16.074489 37.042976
47.370936 28.736123 11.427661 12.465280
19.860728 44.267816 10.218335 25.653121
11.517218 44.499506 5.892715 38.090561
36.257532 5.561981 34.240318 23.940168
61.798304 18.563035 5.739905 13.898756
5.431601 15.531563 32.915331 46.121505
19.687969 19.894537 23.663995 36.753499
57.348556 8.470713 3.811652 30.369079
13.256650 36.729616 45.320224 4.693510
38.050947 10.778668 32.613371 18.557014
41.090764 42.945004 8.015002 7.949230
2.711586 86.317010 4.752255 6.219149
1.697883 2.489257 31.109135 64.703726
11.953204 17.863379 61.369526 8.813891
2.038893 3.536838 37.286160 57.138108
35.196134 1.560359 6.110689 57.132818
7.051119 8.241707 77.225789 7.481386
4.535959 47.107463 45.958451 2.398127
82.897641 10.180761 6.875126 0.046472
5.208358 13.142422 79.456425 2.192795
23.099297 19.327534 9.832437 47.740732
1.053815 59.739056 4.642587 34.564542
82.277361 2.933369 13.398671 1.390598
4.473979 2.523915 18.182058 74.820048
67.956915 20.864155 7.310127 3.868803
39.003724 38.598742 3.778606 18.618929
25.976032 49.938760 16.098213 7.986995
31.442013 23.472993 12.362702 32.722292
0.092526 4.543236 92.005666 3.358572
64.198139 18.421570 16.536922 0.843369
7.373076 87.667667 3.726216 1.233042
29.601511 48.620481 10.626142 11.151866
1.882386 5.295567 30.367514 62.454532
28.872285 4.771320 43.758324 22.598072
50.547129 10.529564 2.183326 36.739981
29.107496 66.864060 0.580041 3.448403
23.907910 16.431456 40.961494 18.699140
4.804400 17.974615 55.143706 22.077278
30.196308 22.619024 5.387061 41.797606
5.506864 52.105978 33.964575 8.422583
0.750328 44.444532 44.575694 10.229445
14.087507 18.841965 40.168219 26.902309
83.627823 13.210459 2.249879 0.911839
16.073628 27.253500 2.827850 53.845023
13.434261 50.178520 13.714473 22.672745
1.973702 1.081201 46.903001 50.042096
3.545802 14.151882 12.764683 69.537633
54.443229 17.134883 26.751288 1.670600
6.805484 39.924458 24.468754 28.801305
56.662768 4.963258 37.774362 0.599612
28.861120 18.824051 47.090850 5.223979
