11
0 524892152 416889172 136311737 903143879 239500600 654315404 705608684 709385539 432441947 135016178
524892152 0 79334329 663386981 243349005 530835974 933924054 540029499 317521422 311989009 881638256
416889172 79334329 0 384527668 595762625 705382489 461467038 711710735 594199987 606571377 755425795
136311737 663386981 384527668 0 826095902 497626502 90312523 137187797 567949973 956666346 118038332
903143879 243349005 595762625 826095902 0 790131410 76668594 113283502 289352719 171988317 14545752
239500600 530835974 705382489 497626502 790131410 0 675223824 436419489 792113603 453127575 483550492
654315404 933924054 461467038 90312523 76668594 675223824 0 149126486 27557698 327821495 63275526
705608684 540029499 711710735 137187797 113283502 436419489 149126486 0 875504456 645650823 131753373
709385539 317521422 594199987 567949973 289352719 792113603 27557698 875504456 0 932244176 799749161
432441947 311989009 606571377 956666346 171988317 453127575 327821495 645650823 932244176 0 29247826
135016178 881638256 755425795 118038332 14545752 483550492 63275526 131753373 799749161 29247826 0
