14
0 690502206 720607755 567418041 800430750 830107592 227438514 411278249 596725582 349578549 579991105 788879818 503680267 74608803
690502206 0 481347467 447392134 38135343 127903334 321297320 88269420 440055120 134410577 632635647 96619196 938043774 71160596
720607755 481347467 0 658914866 289137312 148709462 136665829 139732592 564858024 515182969 514414087 13641646 568852163 125030172
567418041 447392134 658914866 0 594367794 495741302 31458802 574475994 16539940 828413508 660793196 49918416 114905783 117605979
800430750 38135343 289137312 594367794 0 611714295 313798249 104308910 725028 77671749 756470727 813961431 726971261 753732015
830107592 127903334 148709462 495741302 611714295 0 228257881 801152926 767403963 763153399 251382060 601190621 825617557 239665365
227438514 321297320 136665829 31458802 313798249 228257881 0 836228521 387483405 623996610 51919032 371833449 31123593 135105004
411278249 88269420 139732592 574475994 104308910 801152926 836228521 0 645835409 243564654 457769713 299889975 884618219 509671176
596725582 440055120 564858024 16539940 725028 767403963 387483405 645835409 0 905682302 28770761 419019596 873812882 112512321
349578549 134410577 515182969 828413508 77671749 763153399 623996610 243564654 905682302 0 721468095 670835621 124192297 97695590
579991105 632635647 514414087 660793196 756470727 251382060 51919032 457769713 28770761 721468095 0 879994226 464506290 965124104
788879818 96619196 13641646 49918416 813961431 601190621 371833449 299889975 419019596 670835621 879994226 0 340546318 783215610
503680267 938043774 568852163 114905783 726971261 825617557 31123593 884618219 873812882 124192297 464506290 340546318 0 451969318
74608803 71160596 125030172 117605979 753732015 239665365 135105004 509671176 112512321 97695590 965124104 783215610 451969318 0
