10000 3
50.658 6.582 42.759
6.200 11.599 82.202
39.589 56.844 3.568
13.765 52.585 33.650
35.222 58.192 6.586
37.741 20.614 41.646
2.998 1.333 95.669
93.477 0.361 6.162
62.883 18.149 18.967
0.373 3.866 95.761
53.378 37.623 9.000
42.236 15.056 42.708
16.024 69.993 13.984
8.838 90.683 0.479
1.311 8.693 89.996
19.211 32.933 47.856
40.104 46.697 13.199
1.607 24.252 74.142
45.735 32.673 21.592
4.259 65.970 29.771
43.771 10.635 45.595
18.522 4.721 76.757
52.462 10.628 36.909
69.758 6.971 23.270
44.353 0.671 54.976
10.686 12.483 76.830
34.183 45.391 20.426
24.903 74.731 0.366
0.980 4.107 94.913
21.892 72.468 5.640
0.861 2.489 96.649
19.060 12.631 68.310
45.000 43.869 11.130
0.520 0.429 99.051
75.419 18.306 6.275
10.345 34.517 55.138
87.936 0.589 11.475
72.505 0.706 26.789
2.531 27.587 69.881
5.951 11.320 82.730
33.071 43.631 23.298
71.097 19.635 9.268
9.941 50.980 39.079
65.884 6.772 27.345
40.401 21.207 38.392
72.484 5.662 21.854
21.159 43.638 35.203
2.544 29.788 67.669
29.141 25.441 45.418
12.636 0.670 86.694
21.100 3.431 75.469
22.775 56.860 20.365
28.149 22.039 49.812
13.643 34.378 51.979
6.164 7.188 86.648
33.557 3.315 63.128
1.561 17.205 81.234
11.383 29.845 58.773
25.867 67.892 6.241
33.120 21.679 45.201
1.688 9.860 88.452
3.816 0.893 95.291
15.989 12.848 71.163
3.429 11.104 85.467
75.608 2.599 21.793
34.641 26.658 38.701
5.751 0.359 93.890
18.987 23.055 57.958
2.994 93.945 3.061
13.883 1.693 84.423
28.264 45.590 26.145
30.501 4.574 64.925
13.916 3.128 82.955
11.718 25.368 62.914
59.578 30.351 10.071
2.357 0.274 97.369
1.974 12.049 85.977
37.625 18.389 43.986
46.712 36.383 16.904
2.793 14.108 83.099
7.614 49.514 42.872
60.717 10.697 28.587
17.354 9.508 73.138
47.303 30.421 22.275
74.531 14.912 10.556
13.029 58.869 28.101
17.329 8.477 74.194
12.829 76.709 10.462
8.448 12.036 79.516
30.064 38.791 31.144
8.983 5.413 85.604
50.349 0.498 49.153
0.703 30.560 68.737
19.348 22.788 57.863
25.773 42.546 31.681
34.532 21.622 43.846
24.628 67.230 8.142
40.915 57.345 1.740
27.711 0.607 71.682
3.068 7.357 89.575
27.836 63.667 8.496
27.952 13.175 58.873
20.407 16.111 63.482
17.238 38.809 43.953
45.356 35.808 18.836
18.102 37.115 44.783
73.969 11.284 14.747
9.232 3.027 87.741
2.311 26.309 71.380
0.356 0.932 98.712
33.980 44.397 21.622
26.858 0.285 72.857
44.061 41.974 13.965
0.775 23.808 75.417
1.791 3.336 94.873
29.522 12.515 57.964
48.049 21.978 29.972
5.161 70.375 24.464
18.013 8.413 73.574
40.772 27.739 31.489
46.123 8.157 45.720
35.899 7.071 57.030
37.370 36.342 26.289
54.951 22.865 22.184
38.112 36.466 25.422
38.287 61.518 0.195
34.426 25.848 39.726
0.993 1.846 97.162
42.354 4.064 53.581
37.956 23.292 38.752
2.915 2.157 94.928
35.867 16.686 47.447
12.145 82.926 4.929
10.299 45.223 44.478
5.742 63.349 30.909
34.868 4.098 61.034
77.082 21.078 1.840
6.771 0.269 92.959
0.254 3.863 95.883
0.455 16.126 83.419
16.915 23.827 59.258
6.327 25.809 67.864
0.514 13.607 85.879
14.174 20.171 65.654
35.016 47.887 17.096
12.339 34.900 52.760
25.510 3.547 70.943
0.081 0.028 99.890
27.216 12.577 60.207
2.283 87.319 10.398
19.403 71.786 8.811
43.289 14.287 42.424
57.322 16.927 25.752
43.674 6.810 49.516
24.709 29.224 46.068
41.749 33.998 24.253
1.479 0.367 98.154
6.027 14.845 79.128
44.903 48.273 6.824
28.072 22.812 49.116
7.658 0.836 91.507
9.568 40.107 50.325
27.620 3.485 68.896
0.838 20.125 79.037
25.430 55.063 19.507
10.656 3.764 85.580
67.195 5.344 27.461
34.056 58.574 7.370
5.782 41.345 52.873
3.846 0.625 95.529
1.517 52.235 46.248
61.904 18.726 19.370
20.860 14.887 64.254
6.488 10.233 83.279
3.675 0.127 96.197
47.615 12.186 40.199
4.562 34.774 60.665
51.465 12.328 36.207
11.763 6.609 81.628
11.746 17.744 70.510
86.076 10.512 3.412
59.957 34.796 5.246
22.377 23.694 53.929
54.306 36.224 9.470
4.758 79.739 15.503
11.837 16.472 71.691
44.576 42.713 12.711
28.571 6.104 65.325
13.646 9.777 76.577
37.404 61.110 1.486
5.256 0.247 94.498
38.753 7.818 53.429
69.844 24.843 5.313
8.456 4.499 87.045
29.480 21.657 48.863
5.289 12.907 81.805
12.940 57.682 29.377
3.995 19.498 76.507
54.707 43.141 2.152
72.969 2.848 24.183
39.914 17.263 42.824
1.564 7.858 90.579
4.582 86.800 8.618
10.166 9.280 80.554
25.728 23.257 51.015
22.325 50.879 26.795
3.481 7.417 89.102
0.100 74.694 25.205
33.435 63.501 3.064
21.203 27.453 51.344
23.306 19.496 57.198
48.954 8.757 42.289
76.984 11.281 11.734
21.015 0.644 78.341
14.819 52.230 32.951
31.996 19.159 48.845
3.110 36.011 60.878
56.218 7.147 36.634
11.073 44.926 44.002
30.611 64.033 5.356
4.435 95.227 0.339
27.427 48.457 24.116
28.869 56.870 14.261
26.058 60.136 13.807
30.245 41.351 28.404
0.886 49.622 49.492
47.826 12.070 40.104
83.081 13.709 3.211
20.846 17.464 61.690
31.064 7.338 61.599
43.788 2.198 54.015
40.435 56.894 2.670
1.025 6.382 92.593
17.631 16.177 66.192
22.069 2.163 75.768
33.484 64.591 1.926
44.730 21.074 34.196
62.975 6.778 30.247
33.780 15.108 51.112
0.239 0.375 99.387
17.083 30.221 52.696
10.915 15.331 73.754
22.045 0.026 77.929
47.643 14.667 37.690
8.765 3.910 87.326
31.508 19.476 49.016
51.224 28.874 19.901
59.694 13.550 26.756
30.347 11.881 57.772
15.254 77.306 7.440
51.003 41.294 7.703
15.917 29.769 54.314
35.848 5.053 59.099
20.265 25.886 53.850
34.163 38.184 27.653
9.198 6.836 83.966
25.569 30.256 44.176
9.446 2.291 88.263
0.447 1.659 97.894
39.531 19.748 40.721
4.568 1.838 93.594
31.470 33.339 35.191
39.151 28.790 32.060
15.354 0.589 84.057
15.358 11.560 73.083
2.742 36.801 60.457
8.513 1.018 90.469
24.369 7.178 68.453
21.267 0.291 78.442
15.617 8.914 75.469
14.363 66.880 18.757
7.028 1.523 91.449
29.368 2.673 67.959
36.523 34.454 29.023
23.613 2.294 74.093
22.751 48.079 29.170
16.144 1.526 82.330
8.786 4.605 86.608
28.262 32.933 38.804
26.575 14.012 59.413
16.799 31.121 52.080
1.807 1.001 97.192
8.499 69.906 21.595
19.430 8.418 72.152
2.010 5.494 92.495
16.676 35.800 47.523
38.064 15.750 46.187
24.535 7.857 67.608
11.824 2.147 86.029
3.061 93.008 3.931
70.746 1.757 27.497
8.149 50.062 41.789
24.093 23.672 52.235
30.952 27.430 41.618
26.002 38.676 35.322
13.819 26.639 59.542
58.928 35.887 5.185
17.426 21.113 61.461
42.551 11.955 45.494
73.419 11.487 15.094
1.415 0.184 98.401
2.629 3.069 94.302
7.988 13.448 78.564
13.130 6.768 80.102
11.249 31.501 57.250
7.254 0.004 92.743
51.128 22.913 25.959
11.665 49.140 39.195
0.666 0.439 98.895
59.517 30.028 10.456
33.006 3.314 63.680
11.400 75.572 13.028
51.391 8.904 39.705
6.704 24.324 68.972
41.821 4.729 53.450
20.883 10.280 68.838
8.920 0.901 90.179
17.831 70.200 11.969
60.914 7.697 31.388
37.920 43.632 18.448
5.586 57.056 37.358
11.453 41.457 47.090
11.812 3.991 84.198
19.381 76.740 3.879
19.835 65.403 14.762
19.147 5.631 75.222
78.482 8.700 12.818
23.348 6.307 70.345
16.810 23.383 59.807
75.331 17.381 7.288
14.027 2.352 83.621
12.222 60.967 26.811
12.986 28.293 58.721
26.159 5.266 68.575
12.331 20.626 67.043
4.542 1.397 94.061
3.215 17.819 78.967
6.067 3.439 90.493
8.843 27.349 63.808
32.905 26.875 40.220
3.505 7.319 89.175
7.313 2.792 89.895
57.081 24.364 18.555
70.248 25.937 3.815
20.098 13.356 66.546
17.629 46.505 35.865
35.986 42.977 21.036
6.173 89.503 4.324
8.094 0.106 91.800
76.632 19.340 4.028
1.875 3.343 94.781
48.297 11.501 40.202
12.916 55.522 31.562
30.723 50.950 18.326
18.326 8.411 73.263
7.039 18.505 74.456
65.311 26.363 8.325
10.687 8.983 80.331
1.510 34.914 63.576
3.381 88.952 7.666
24.775 17.383 57.842
11.078 2.893 86.029
2.154 0.230 97.617
44.741 16.699 38.560
18.549 7.398 74.053
49.231 20.642 30.128
22.747 6.524 70.730
43.813 44.154 12.033
48.994 9.494 41.511
1.494 0.646 97.861
31.483 0.607 67.910
3.201 42.091 54.707
6.295 38.393 55.312
23.042 32.700 44.258
1.329 21.218 77.453
0.884 1.130 97.986
33.816 37.685 28.498
27.814 11.219 60.967
6.399 1.465 92.135
2.052 9.368 88.580
2.517 10.481 87.002
21.579 47.885 30.537
2.041 0.068 97.891
5.325 8.097 86.578
31.019 16.938 52.043
0.906 30.870 68.224
22.409 27.623 49.968
14.003 35.022 50.975
23.193 66.733 10.074
32.742 15.978 51.280
18.796 44.588 36.616
28.437 58.834 12.729
7.655 22.156 70.190
34.435 29.806 35.759
14.335 55.409 30.256
6.282 58.408 35.310
2.290 88.670 9.040
20.894 18.307 60.799
50.017 23.844 26.139
26.864 10.402 62.734
6.721 90.001 3.278
56.429 3.140 40.431
25.451 6.014 68.535
41.579 3.298 55.123
31.261 19.283 49.455
46.478 10.640 42.882
25.058 10.551 64.391
65.561 22.695 11.744
24.136 4.402 71.462
39.308 3.338 57.353
7.826 7.659 84.515
15.018 3.418 81.564
60.679 23.885 15.436
22.950 28.724 48.326
2.786 44.979 52.235
13.306 25.412 61.281
31.556 36.247 32.197
0.503 2.128 97.369
15.525 64.891 19.584
12.524 6.577 80.898
36.131 16.712 47.157
33.050 34.537 32.414
43.918 25.118 30.964
9.102 14.160 76.739
4.320 77.936 17.743
37.933 17.494 44.572
14.006 11.676 74.319
15.479 32.505 52.016
14.840 6.822 78.338
2.068 5.513 92.419
53.736 26.463 19.800
59.699 15.428 24.873
2.743 24.590 72.668
4.050 2.154 93.796
7.347 46.692 45.961
28.564 7.515 63.921
21.546 4.694 73.760
47.900 46.994 5.106
39.881 6.718 53.401
55.770 32.926 11.304
5.163 3.498 91.339
9.447 2.437 88.116
19.206 14.843 65.950
1.812 4.954 93.234
8.251 24.992 66.756
14.448 21.314 64.238
38.494 42.164 19.343
21.281 60.689 18.030
6.528 38.047 55.425
16.652 27.002 56.346
36.264 26.348 37.388
11.857 26.456 61.687
0.998 2.283 96.719
67.535 14.404 18.061
2.314 2.044 95.642
27.731 31.365 40.904
2.912 25.678 71.410
18.817 30.632 50.551
5.657 21.773 72.570
25.132 1.227 73.641
33.855 19.555 46.590
35.315 57.861 6.824
10.014 1.748 88.238
42.297 30.544 27.158
62.702 29.220 8.078
9.589 6.875 83.535
60.541 8.998 30.461
39.010 7.424 53.566
6.149 13.484 80.367
56.521 43.216 0.262
7.434 24.065 68.502
50.783 36.338 12.879
6.671 59.310 34.019
24.398 9.267 66.335
23.944 21.843 54.213
5.566 10.880 83.554
18.912 0.483 80.605
58.106 6.791 35.102
50.884 38.382 10.733
10.104 29.362 60.533
31.055 13.826 55.119
33.489 20.767 45.744
69.823 21.525 8.652
39.718 19.479 40.803
13.161 0.930 85.910
0.369 47.069 52.562
66.932 3.398 29.670
1.054 2.505 96.442
1.519 46.398 52.083
15.549 42.665 41.786
79.862 2.348 17.789
2.494 62.361 35.145
22.264 49.293 28.443
51.748 12.395 35.856
67.022 15.011 17.966
22.761 28.938 48.302
5.482 76.610 17.908
0.055 14.710 85.235
41.120 56.573 2.307
39.873 13.607 46.519
4.548 24.023 71.429
30.312 21.997 47.691
1.057 15.225 83.718
10.246 7.074 82.681
1.091 3.502 95.407
27.104 17.791 55.104
34.427 48.495 17.078
12.199 25.317 62.484
31.361 22.010 46.629
3.972 28.268 67.760
2.199 9.862 87.939
54.293 3.210 42.497
51.513 33.805 14.682
34.881 48.974 16.144
4.617 6.730 88.653
55.956 28.336 15.708
7.207 0.914 91.879
60.673 9.077 30.250
6.613 11.308 82.080
1.670 13.772 84.558
67.194 2.144 30.662
21.239 22.402 56.359
5.862 41.390 52.748
9.934 68.575 21.491
7.511 3.933 88.556
0.427 38.225 61.348
36.092 18.387 45.521
19.483 63.500 17.017
0.248 39.194 60.558
51.676 23.842 24.482
5.716 2.506 91.778
57.792 26.967 15.241
0.837 0.069 99.094
51.906 31.373 16.721
4.874 72.054 23.072
8.903 54.185 36.912
30.069 48.532 21.400
26.793 5.703 67.504
21.423 6.254 72.323
0.268 9.748 89.984
26.292 69.228 4.480
64.181 16.779 19.040
24.769 12.760 62.471
14.088 18.271 67.641
28.715 3.769 67.516
25.338 6.524 68.139
11.532 5.812 82.656
47.091 19.048 33.860
56.998 1.228 41.774
3.358 1.177 95.465
36.262 11.851 51.888
2.270 1.267 96.463
38.915 33.041 28.043
12.029 5.614 82.357
13.324 16.456 70.220
8.623 23.739 67.638
6.356 52.081 41.563
80.375 4.494 15.131
41.887 0.695 57.418
28.644 59.344 12.012
41.828 13.749 44.423
20.627 2.506 76.867
2.118 18.744 79.138
5.749 12.059 82.192
23.139 11.356 65.505
20.387 52.916 26.698
17.812 21.600 60.588
12.680 45.528 41.792
38.029 54.076 7.895
9.333 24.045 66.622
7.772 4.512 87.716
17.802 6.182 76.016
40.875 15.315 43.809
0.459 3.753 95.788
3.512 0.627 95.862
3.523 6.808 89.669
0.103 2.882 97.015
13.002 34.690 52.309
10.632 43.429 45.940
5.378 1.897 92.724
45.631 41.628 12.741
25.835 31.631 42.534
6.848 5.033 88.119
3.548 23.082 73.370
74.180 10.692 15.128
41.927 0.207 57.866
19.550 67.476 12.973
0.292 41.161 58.547
29.114 18.767 52.120
1.461 19.486 79.052
8.602 1.216 90.182
21.806 16.192 62.001
4.159 67.941 27.900
12.603 19.426 67.971
2.925 2.410 94.665
67.530 12.639 19.831
74.504 2.681 22.816
33.111 19.940 46.950
75.841 3.870 20.289
26.643 59.828 13.529
70.002 29.205 0.793
12.462 21.997 65.542
9.945 9.022 81.033
5.258 14.201 80.541
12.795 82.945 4.260
35.091 10.073 54.836
0.035 0.335 99.631
67.744 19.963 12.293
3.620 59.807 36.573
26.630 4.130 69.240
2.600 13.620 83.779
10.208 50.036 39.756
22.731 45.334 31.935
27.567 56.633 15.799
8.242 1.961 89.798
29.823 63.689 6.488
51.920 35.266 12.815
2.005 27.024 70.971
6.264 19.946 73.791
28.130 42.691 29.179
38.656 26.467 34.877
5.037 10.030 84.933
65.184 4.484 30.332
18.523 35.785 45.692
13.982 66.623 19.395
12.173 14.448 73.379
36.082 45.287 18.632
45.139 4.237 50.624
23.376 3.447 73.177
0.768 2.415 96.817
18.622 5.176 76.202
32.524 49.140 18.336
0.551 3.453 95.996
69.975 2.672 27.354
38.553 41.406 20.042
78.671 7.810 13.520
4.495 20.020 75.484
0.178 96.810 3.012
15.625 49.077 35.298
3.671 7.102 89.227
13.802 16.601 69.597
2.807 27.669 69.524
10.396 38.158 51.445
25.547 2.029 72.423
17.072 6.427 76.501
18.441 71.961 9.598
86.405 7.650 5.945
27.395 35.571 37.034
6.655 1.341 92.004
1.864 38.375 59.761
3.527 1.032 95.441
34.993 0.509 64.498
0.218 45.303 54.479
16.716 68.666 14.618
22.070 63.532 14.399
4.006 4.194 91.800
19.338 3.361 77.300
69.174 12.146 18.680
12.994 5.693 81.314
37.729 15.245 47.026
29.825 1.441 68.734
11.408 42.964 45.628
31.730 15.925 52.345
26.875 0.701 72.423
5.211 55.399 39.390
16.623 18.235 65.142
3.053 74.425 22.523
29.899 35.188 34.913
0.189 2.680 97.131
1.384 1.448 97.168
54.551 31.056 14.393
11.949 63.871 24.180
16.003 54.516 29.481
44.843 1.417 53.740
23.641 22.149 54.210
26.827 34.994 38.179
13.601 12.813 73.586
12.994 18.742 68.264
56.659 7.751 35.591
9.551 34.237 56.212
5.583 20.831 73.586
49.936 37.747 12.317
17.927 11.377 70.696
0.444 0.097 99.460
20.926 53.499 25.575
0.032 0.020 99.948
31.175 39.921 28.904
7.918 13.054 79.028
31.042 58.948 10.010
17.276 3.263 79.461
26.366 10.653 62.981
62.351 6.148 31.501
24.471 63.895 11.634
9.572 77.699 12.729
63.514 13.741 22.745
1.356 56.648 41.997
31.257 41.859 26.884
46.131 11.882 41.987
10.031 33.723 56.246
9.885 35.429 54.686
19.383 21.774 58.843
24.723 31.153 44.124
0.198 1.362 98.441
24.303 4.833 70.864
0.327 0.045 99.628
0.412 27.112 72.475
38.168 14.482 47.349
40.348 25.160 34.492
1.363 98.302 0.336
10.731 3.137 86.132
11.666 60.583 27.750
85.699 9.067 5.234
61.495 10.040 28.465
25.989 7.282 66.729
2.112 55.556 42.332
36.676 44.299 19.025
31.573 55.613 12.815
2.294 74.961 22.745
51.387 38.243 10.370
55.565 8.344 36.091
9.736 14.328 75.936
3.671 15.028 81.301
2.449 3.639 93.912
16.018 7.466 76.516
18.622 27.351 54.027
0.684 31.864 67.452
86.112 2.465 11.423
1.761 54.967 43.272
51.565 44.062 4.373
9.016 19.998 70.986
35.687 25.325 38.987
66.188 1.019 32.792
58.621 41.111 0.269
56.430 42.847 0.723
0.058 0.983 98.959
32.280 34.732 32.987
35.423 51.152 13.425
18.176 55.505 26.319
63.758 0.105 36.137
81.713 9.473 8.814
0.600 15.493 83.908
57.985 34.477 7.538
13.629 4.917 81.454
5.677 19.007 75.317
9.075 13.384 77.541
28.789 60.129 11.081
80.548 16.333 3.119
38.883 2.955 58.162
47.520 21.632 30.848
35.105 50.038 14.856
14.104 40.573 45.323
18.976 39.320 41.704
4.674 11.861 83.465
0.038 0.167 99.796
7.919 37.707 54.375
66.990 28.493 4.517
0.781 1.157 98.062
37.127 33.743 29.130
2.555 5.038 92.407
56.612 0.927 42.460
9.610 22.630 67.760
77.676 7.111 15.213
8.582 52.900 38.517
1.212 19.592 79.196
9.415 79.519 11.066
1.872 24.322 73.806
6.082 16.447 77.471
25.431 10.304 64.266
14.734 30.980 54.286
6.213 27.932 65.856
24.023 0.129 75.848
8.209 33.174 58.617
88.721 9.839 1.440
58.507 14.670 26.823
3.825 50.455 45.720
39.846 52.491 7.663
8.056 0.236 91.708
5.623 10.915 83.462
1.163 3.000 95.837
78.490 19.685 1.825
10.898 44.783 44.319
8.886 33.001 58.113
17.479 12.240 70.281
45.798 29.631 24.570
6.582 2.418 91.000
22.553 16.925 60.521
23.691 1.661 74.648
1.714 10.305 87.982
3.433 0.681 95.886
22.975 9.924 67.101
6.544 3.744 89.712
16.285 27.946 55.770
3.003 34.061 62.935
0.048 12.184 87.768
11.681 15.707 72.613
10.947 35.194 53.859
14.843 54.281 30.876
52.416 27.383 20.200
6.272 48.225 45.503
20.074 11.522 68.404
27.503 16.902 55.596
6.983 1.346 91.671
24.639 3.612 71.749
64.980 3.668 31.352
8.297 11.611 80.093
7.254 4.426 88.321
11.183 69.243 19.575
1.596 4.913 93.490
1.538 6.592 91.870
13.251 14.796 71.953
14.182 72.566 13.251
1.683 13.338 84.979
10.511 21.610 67.879
6.012 9.632 84.356
4.505 23.725 71.770
2.768 33.821 63.411
0.219 92.844 6.937
38.151 22.779 39.070
6.050 58.951 34.999
34.382 16.261 49.358
38.499 11.856 49.644
12.364 86.934 0.702
2.067 20.562 77.371
8.616 41.971 49.413
10.859 3.336 85.806
22.530 25.750 51.720
43.551 47.407 9.043
27.295 5.964 66.741
30.582 20.069 49.348
28.200 25.055 46.745
15.471 19.949 64.580
0.762 0.120 99.118
79.626 19.614 0.760
33.487 12.162 54.350
6.033 14.847 79.119
4.867 70.645 24.488
2.702 0.295 97.003
12.573 1.066 86.361
19.724 28.236 52.040
23.589 2.406 74.004
9.388 41.694 48.918
73.723 11.634 14.643
1.424 0.432 98.144
3.086 4.333 92.581
0.715 33.108 66.176
9.435 15.150 75.414
0.930 12.754 86.316
7.743 5.328 86.929
8.748 1.571 89.682
4.522 34.453 61.025
19.124 15.169 65.706
18.835 20.052 61.113
67.054 21.456 11.490
0.644 0.086 99.271
8.717 11.883 79.400
52.949 7.451 39.601
12.897 4.843 82.260
55.642 24.191 20.167
28.556 5.860 65.584
13.479 8.717 77.804
43.411 50.461 6.128
35.406 54.319 10.276
31.233 22.543 46.223
20.303 19.581 60.115
67.085 9.739 23.176
40.288 5.230 54.482
39.031 57.740 3.229
14.169 0.349 85.482
3.493 17.184 79.324
1.107 33.608 65.285
49.635 8.225 42.140
9.199 50.382 40.419
9.459 6.783 83.758
0.060 0.322 99.619
49.555 7.167 43.278
30.710 9.696 59.593
33.083 13.061 53.856
6.110 30.762 63.128
90.512 9.055 0.433
13.568 12.595 73.836
27.212 25.167 47.621
30.245 67.780 1.975
38.998 13.961 47.041
12.637 41.655 45.708
14.421 2.004 83.575
9.864 7.999 82.138
25.714 4.460 69.826
3.528 3.925 92.547
43.711 8.085 48.204
25.734 18.075 56.191
46.121 43.872 10.007
2.680 0.311 97.009
4.382 4.743 90.875
37.657 44.713 17.631
18.874 29.171 51.955
17.248 77.643 5.109
31.300 62.456 6.244
46.486 10.868 42.647
0.560 0.081 99.359
53.346 34.865 11.789
51.102 44.696 4.202
62.959 17.613 19.428
58.013 3.088 38.899
14.700 51.354 33.946
16.747 15.972 67.281
17.264 17.774 64.962
6.560 2.003 91.437
20.113 8.910 70.977
1.567 2.858 95.575
13.087 57.582 29.331
38.409 10.930 50.661
33.748 13.409 52.843
46.819 14.020 39.161
12.135 0.359 87.506
48.759 41.967 9.275
2.391 22.009 75.600
56.567 25.393 18.039
17.399 63.964 18.638
2.708 24.618 72.674
33.768 41.775 24.458
34.719 35.745 29.536
14.390 12.732 72.878
2.405 37.504 60.091
7.616 8.071 84.313
48.063 8.714 43.223
31.401 42.954 25.645
1.464 5.235 93.301
61.788 0.402 37.809
3.099 13.540 83.361
42.490 38.076 19.434
23.350 3.879 72.771
18.410 30.706 50.884
0.976 0.230 98.795
3.438 3.434 93.127
38.533 20.130 41.337
45.977 8.230 45.793
47.703 31.904 20.392
0.637 0.599 98.764
14.701 49.913 35.386
10.106 28.198 61.696
34.973 59.058 5.969
37.401 56.739 5.860
20.800 55.692 23.508
53.041 44.298 2.661
23.199 4.100 72.701
2.527 4.272 93.200
24.843 42.471 32.685
20.161 6.582 73.257
21.458 61.504 17.038
32.172 39.712 28.117
14.632 23.407 61.962
77.164 21.291 1.544
42.846 35.003 22.150
27.943 38.743 33.314
8.301 8.094 83.605
33.953 16.366 49.681
11.832 35.338 52.831
29.136 29.713 41.151
61.650 6.568 31.782
48.934 39.137 11.930
57.884 4.197 37.919
35.727 28.841 35.432
0.292 20.961 78.747
20.946 78.841 0.214
18.615 41.149 40.236
0.361 18.923 80.715
0.682 0.831 98.486
22.163 60.664 17.173
83.556 2.457 13.987
22.393 38.500 39.106
44.445 37.653 17.902
1.769 81.525 16.706
35.717 14.583 49.699
6.540 18.906 74.554
21.589 22.907 55.504
41.640 6.350 52.010
47.831 45.537 6.632
15.363 39.992 44.646
7.314 45.141 47.545
33.251 55.619 11.130
9.947 57.337 32.716
6.698 13.398 79.904
16.440 21.839 61.721
58.175 1.803 40.022
11.047 17.002 71.950
31.888 17.524 50.587
0.644 1.034 98.321
12.320 34.605 53.075
35.885 4.772 59.343
30.072 48.941 20.988
16.731 4.342 78.927
67.408 1.418 31.175
55.508 41.166 3.327
7.952 0.826 91.223
38.749 38.695 22.556
49.519 43.232 7.248
37.843 6.473 55.684
48.992 24.478 26.530
27.350 63.293 9.357
13.179 47.523 39.299
7.927 23.110 68.963
17.922 7.997 74.081
33.486 34.750 31.764
0.409 28.617 70.974
47.337 11.259 41.404
23.570 9.186 67.244
0.926 65.900 33.174
0.924 19.490 79.586
0.450 50.190 49.361
78.968 3.606 17.426
16.915 48.959 34.126
55.878 32.433 11.689
13.838 18.939 67.223
3.007 3.658 93.335
24.550 29.483 45.967
93.143 0.759 6.098
22.654 2.515 74.831
1.247 10.972 87.780
20.313 7.672 72.015
52.333 43.215 4.453
20.528 27.066 52.406
7.952 20.055 71.993
2.755 0.993 96.252
44.454 6.283 49.263
22.716 14.306 62.978
6.431 56.174 37.394
39.529 0.993 59.478
8.267 22.289 69.445
58.386 19.330 22.285
20.618 54.473 24.909
52.419 24.597 22.983
43.503 3.117 53.380
25.309 18.470 56.221
36.654 21.581 41.765
28.802 51.462 19.736
71.650 18.899 9.452
32.817 21.445 45.738
8.212 26.018 65.770
6.639 0.322 93.039
80.654 5.237 14.109
3.729 36.989 59.282
11.036 51.832 37.132
48.645 28.652 22.703
37.009 15.602 47.389
17.636 9.657 72.707
54.872 7.385 37.742
11.026 50.249 38.725
28.228 55.789 15.983
10.397 12.913 76.690
7.642 34.379 57.979
5.097 72.444 22.459
11.919 24.303 63.778
2.446 25.882 71.673
44.598 4.406 50.996
0.342 4.370 95.288
10.751 19.346 69.903
2.613 47.116 50.270
4.108 21.359 74.532
3.120 2.102 94.778
55.463 10.271 34.266
26.839 5.972 67.190
13.738 66.074 20.188
34.388 27.229 38.383
7.500 41.876 50.624
1.893 1.449 96.658
57.487 12.263 30.250
23.594 1.806 74.599
13.205 19.682 67.113
12.238 10.413 77.349
75.802 22.233 1.965
70.583 7.798 21.619
59.816 5.896 34.288
0.681 54.524 44.795
4.190 16.462 79.348
4.292 2.160 93.548
15.423 43.884 40.693
43.049 5.637 51.314
13.762 53.766 32.472
71.102 14.875 14.023
63.377 0.734 35.890
24.144 2.428 73.428
58.862 16.867 24.271
36.063 46.508 17.429
53.412 5.577 41.011
50.075 43.137 6.787
16.321 18.837 64.843
40.748 21.705 37.547
1.807 51.393 46.800
20.204 31.195 48.601
28.036 18.746 53.218
0.395 15.871 83.734
0.147 0.680 99.173
11.961 20.499 67.541
17.682 75.619 6.699
38.627 56.789 4.584
3.047 24.706 72.246
13.496 25.333 61.171
9.360 13.016 77.624
29.472 31.410 39.119
27.991 43.102 28.907
54.900 44.218 0.882
32.785 9.547 57.668
42.320 2.234 55.446
25.567 5.598 68.834
18.676 17.025 64.299
24.452 5.889 69.658
6.289 16.777 76.934
17.122 18.814 64.064
31.399 13.406 55.196
26.502 26.646 46.852
0.478 3.639 95.883
7.832 10.137 82.031
59.211 29.849 10.941
0.071 0.182 99.747
9.411 15.889 74.700
0.294 3.594 96.112
2.525 0.069 97.406
19.308 10.332 70.360
53.671 11.764 34.565
0.289 16.039 83.673
5.494 3.130 91.375
11.269 14.684 74.047
28.336 40.046 31.617
61.423 26.956 11.621
10.757 38.754 50.490
46.780 24.438 28.782
15.207 64.187 20.606
49.179 41.367 9.455
16.083 13.255 70.663
1.526 26.508 71.966
75.859 18.068 6.073
57.332 12.867 29.801
5.859 63.149 30.992
7.015 28.273 64.711
13.224 5.737 81.039
0.108 3.432 96.460
64.648 9.164 26.188
4.123 12.229 83.648
40.298 6.566 53.136
1.589 58.450 39.961
2.164 11.334 86.502
34.520 65.261 0.220
11.172 30.504 58.324
52.737 26.651 20.612
8.795 6.071 85.134
30.731 21.789 47.481
34.342 3.620 62.038
8.447 52.517 39.036
5.626 61.210 33.164
17.331 8.280 74.389
21.980 30.157 47.862
60.497 5.279 34.223
10.891 27.126 61.983
2.278 10.125 87.597
2.680 3.613 93.707
9.917 21.004 69.079
4.623 2.188 93.188
7.771 11.456 80.773
25.098 39.428 35.475
66.441 30.095 3.464
1.173 2.798 96.030
42.561 6.074 51.366
14.939 66.821 18.241
9.920 35.327 54.753
4.935 62.746 32.319
47.659 47.412 4.929
15.556 49.527 34.916
21.774 32.354 45.872
9.157 1.976 88.867
16.416 36.680 46.904
15.941 31.635 52.425
4.961 54.193 40.846
2.169 0.453 97.378
31.451 6.633 61.916
0.266 74.360 25.373
5.149 26.999 67.852
3.832 54.272 41.896
1.609 17.822 80.569
1.577 1.200 97.223
62.726 7.518 29.756
2.740 43.538 53.722
16.239 50.001 33.760
8.859 2.183 88.958
83.293 14.534 2.173
2.118 4.052 93.829
4.795 0.747 94.458
5.363 19.369 75.268
38.739 42.257 19.004
43.815 33.409 22.776
70.824 22.175 7.001
50.119 1.671 48.210
15.344 39.175 45.482
9.039 32.795 58.165
50.246 45.844 3.909
12.411 19.203 68.386
39.843 21.432 38.725
77.050 3.434 19.517
57.226 32.609 10.166
16.415 79.978 3.607
1.251 2.964 95.785
24.150 15.121 60.729
15.896 49.090 35.014
4.782 40.141 55.077
3.491 7.331 89.178
7.684 2.344 89.972
25.258 23.474 51.268
15.728 13.219 71.053
9.141 0.906 89.953
22.059 0.806 77.136
25.260 12.647 62.093
20.538 31.441 48.021
13.886 7.889 78.225
30.143 21.134 48.723
25.109 19.576 55.315
65.152 15.472 19.376
24.923 33.850 41.227
9.189 20.505 70.305
54.593 0.194 45.213
30.491 37.931 31.578
3.766 37.376 58.858
16.517 67.070 16.413
54.901 43.289 1.810
36.738 55.422 7.840
13.016 10.264 76.720
31.491 40.536 27.973
4.536 27.777 67.687
0.512 0.199 99.289
21.937 11.380 66.683
28.978 13.788 57.234
2.304 35.444 62.252
44.822 31.541 23.637
14.438 10.654 74.908
0.521 99.308 0.171
21.837 4.599 73.565
0.710 7.924 91.366
39.019 3.563 57.418
45.247 38.318 16.434
31.408 30.975 37.617
49.018 31.597 19.385
38.702 58.170 3.128
42.067 21.195 36.738
69.101 25.760 5.139
62.321 5.463 32.215
9.541 46.055 44.404
36.260 5.923 57.817
1.364 2.744 95.892
38.726 10.632 50.642
33.632 11.270 55.098
14.051 61.131 24.818
35.428 24.119 40.452
8.677 23.410 67.913
37.333 26.567 36.100
37.920 60.841 1.239
11.482 78.981 9.537
56.499 30.116 13.385
2.989 8.620 88.391
43.141 30.507 26.353
25.626 43.599 30.775
91.411 4.875 3.714
7.734 18.689 73.577
26.846 13.035 60.118
5.082 1.894 93.023
1.565 16.911 81.524
22.808 15.239 61.953
20.704 63.695 15.601
19.860 42.004 38.136
39.187 19.250 41.563
17.232 14.739 68.029
4.586 16.500 78.915
21.578 38.123 40.300
23.261 32.341 44.398
16.256 10.149 73.595
3.631 79.754 16.614
4.395 22.809 72.796
14.331 68.096 17.573
48.993 12.749 38.258
16.549 12.801 70.650
28.660 9.025 62.316
32.179 23.539 44.282
1.095 1.407 97.497
28.294 30.946 40.761
12.345 56.898 30.757
21.124 39.333 39.543
45.604 6.201 48.195
20.096 25.496 54.408
22.276 53.215 24.509
17.178 68.954 13.868
47.992 30.307 21.702
59.779 16.019 24.201
24.386 44.345 31.269
27.402 48.152 24.445
5.668 49.955 44.377
6.347 0.837 92.816
1.479 14.204 84.317
65.456 20.750 13.794
3.310 11.061 85.629
3.013 31.577 65.410
22.708 22.972 54.320
49.947 14.108 35.945
2.380 4.151 93.469
25.272 45.174 29.554
12.290 59.060 28.651
20.773 9.114 70.113
3.669 78.777 17.554
17.830 19.509 62.661
7.832 14.022 78.146
54.055 24.076 21.870
24.253 56.004 19.742
65.089 8.036 26.875
48.934 39.633 11.432
46.969 41.217 11.814
16.752 11.117 72.130
8.892 39.574 51.534
63.635 19.650 16.715
40.575 7.684 51.741
23.163 34.240 42.598
17.700 79.239 3.061
3.514 5.413 91.073
0.991 90.693 8.316
11.626 20.507 67.867
38.748 18.838 42.415
31.503 11.248 57.250
34.018 11.729 54.253
11.590 74.371 14.039
22.459 7.565 69.976
3.644 28.392 67.965
19.195 73.834 6.970
62.493 12.857 24.650
32.874 9.131 57.994
1.429 0.869 97.702
36.985 8.235 54.781
2.904 40.893 56.203
0.877 28.610 70.513
40.247 37.750 22.004
19.399 10.048 70.553
66.425 32.352 1.224
24.663 4.567 70.769
3.323 12.400 84.277
44.126 42.996 12.879
1.171 0.004 98.825
44.263 39.602 16.135
45.587 4.338 50.075
42.239 42.996 14.765
57.256 10.031 32.713
47.964 11.505 40.532
44.434 6.651 48.915
16.196 24.021 59.783
6.464 76.763 16.773
69.883 5.760 24.357
24.363 72.085 3.552
30.222 24.028 45.750
23.623 8.281 68.096
17.576 30.530 51.894
35.060 18.140 46.800
24.053 40.039 35.908
30.534 1.937 67.528
9.022 34.729 56.249
17.940 56.254 25.806
1.264 1.159 97.577
23.788 68.488 7.724
4.037 44.204 51.759
2.840 3.294 93.866
49.673 21.982 28.346
58.383 12.930 28.687
36.621 9.450 53.929
4.869 5.431 89.700
0.915 29.347 69.738
58.346 0.838 40.815
6.831 6.326 86.843
10.836 84.892 4.273
13.834 77.795 8.371
43.591 20.950 35.459
14.606 7.313 78.082
35.535 29.387 35.078
28.701 6.642 64.657
5.084 11.958 82.958
20.516 38.324 41.160
36.978 35.085 27.937
6.009 25.049 68.941
26.727 55.090 18.183
26.134 28.430 45.436
18.943 74.764 6.293
60.515 14.292 25.193
41.912 44.489 13.599
13.048 13.415 73.537
9.153 2.832 88.015
1.548 36.268 62.185
34.145 26.053 39.802
23.522 10.198 66.280
4.473 5.845 89.682
8.380 19.483 72.137
75.804 10.631 13.565
10.883 34.019 55.098
23.500 58.106 18.394
51.348 11.736 36.915
19.667 46.948 33.384
12.966 5.077 81.957
30.466 18.464 51.070
1.760 56.546 41.694
94.629 2.835 2.536
35.507 57.718 6.775
94.474 4.305 1.221
15.724 8.151 76.125
38.499 21.888 39.613
97.179 0.459 2.362
17.644 9.075 73.281
25.236 51.750 23.014
12.994 10.432 76.574
19.708 43.480 36.811
20.236 75.391 4.373
57.078 8.433 34.489
4.138 51.573 44.288
9.185 47.366 43.449
0.461 5.909 93.631
1.026 3.301 95.672
45.278 9.131 45.592
3.980 17.779 78.240
15.683 65.347 18.970
0.573 23.570 75.857
47.502 36.674 15.824
5.694 29.582 64.724
8.438 50.142 41.420
20.995 11.833 67.171
15.966 13.152 70.882
0.779 72.810 26.411
2.693 0.423 96.884
7.876 81.366 10.758
38.344 18.896 42.759
34.076 59.182 6.742
1.121 23.425 75.454
33.967 55.589 10.443
11.108 86.292 2.600
18.953 4.570 76.476
1.574 10.215 88.211
37.173 28.918 33.909
19.604 9.150 71.245
50.249 21.124 28.626
75.124 3.361 21.516
38.325 60.316 1.358
60.501 22.232 17.267
27.306 11.806 60.887
20.829 0.363 78.808
22.759 15.541 61.699
42.768 14.687 42.546
42.950 11.507 45.543
17.413 72.696 9.891
35.576 8.218 56.206
23.164 21.558 55.278
0.811 12.282 86.908
42.707 29.534 27.760
3.240 27.061 69.698
68.091 1.356 30.552
1.262 32.516 66.222
28.618 58.524 12.857
4.114 26.679 69.207
26.345 15.270 58.385
16.585 9.316 74.099
43.723 51.370 4.907
64.570 5.278 30.152
12.778 7.953 79.269
55.633 13.934 30.433
5.736 12.081 82.183
14.906 35.077 50.017
37.259 55.526 7.215
5.477 2.690 91.833
38.511 33.167 28.321
45.237 5.261 49.501
6.387 53.302 40.312
25.777 27.701 46.522
8.601 4.778 86.621
32.574 6.209 61.217
18.126 23.117 58.757
0.030 3.187 96.783
33.808 64.373 1.819
1.937 92.219 5.844
23.356 66.225 10.419
47.811 23.318 28.871
19.973 30.603 49.425
0.231 43.951 55.818
12.559 3.567 83.874
7.599 21.970 70.431
4.710 42.822 52.467
7.757 5.763 86.480
11.316 19.733 68.950
17.097 47.480 35.423
6.255 7.906 85.839
74.898 10.337 14.765
94.509 0.706 4.785
38.384 5.062 56.554
26.888 5.052 68.059
17.207 57.423 25.370
26.114 58.514 15.372
55.562 39.256 5.182
31.578 27.827 40.596
7.906 7.664 84.429
21.557 45.849 32.594
0.441 0.810 98.749
36.606 28.749 34.645
11.380 47.951 40.669
66.376 26.845 6.778
2.232 2.071 95.697
31.509 43.063 25.428
2.372 83.519 14.109
75.307 19.944 4.749
5.467 16.631 77.902
8.155 17.837 74.007
8.577 19.219 72.204
0.218 4.408 95.373
49.826 29.598 20.576
0.323 43.120 56.557
5.084 1.380 93.536
27.174 50.239 22.587
19.870 30.418 49.712
6.775 12.048 81.176
16.797 64.224 18.979
26.033 7.989 65.978
3.685 9.331 86.984
3.429 4.381 92.190
4.529 5.096 90.374
11.068 0.132 88.800
17.675 0.142 82.183
10.586 27.489 61.925
9.674 13.639 76.687
11.122 15.340 73.537
52.737 14.129 33.134
7.629 22.340 70.031
2.810 9.483 87.707
47.077 7.976 44.948
5.012 1.867 93.121
2.813 26.924 70.263
12.000 12.806 75.195
15.431 3.963 80.605
17.220 16.979 65.801
27.678 27.542 44.780
62.556 15.886 21.558
36.051 54.992 8.957
11.305 1.058 87.637
22.089 31.965 45.946
9.770 74.187 16.044
0.142 4.994 94.864
2.120 0.069 97.812
64.037 10.339 25.623
51.177 30.445 18.378
41.147 46.221 12.632
2.625 1.727 95.648
24.794 23.230 51.976
26.188 63.845 9.967
68.317 25.088 6.595
0.460 13.997 85.543
66.886 19.369 13.746
0.321 67.131 32.548
29.287 31.582 39.131
65.061 25.564 9.375
47.119 40.795 12.085
33.029 52.600 14.371
9.253 64.532 26.215
32.633 0.931 66.436
34.366 25.813 39.821
2.924 13.202 83.874
19.511 20.004 60.485
13.893 65.263 20.844
27.597 24.141 48.262
8.887 20.274 70.840
12.260 65.987 21.754
2.203 1.316 96.481
57.529 40.964 1.508
2.429 2.478 95.093
9.141 15.769 75.091
0.495 40.116 59.389
52.872 28.902 18.226
34.541 22.818 42.640
27.320 16.331 56.349
6.271 6.010 87.719
28.271 70.762 0.967
35.118 35.508 29.374
47.932 6.852 45.216
36.013 34.848 29.139
9.912 37.138 52.950
29.032 18.748 52.220
23.161 51.075 25.764
51.555 2.692 45.753
7.164 10.482 82.354
5.567 66.616 27.818
54.562 10.946 34.492
16.738 36.724 46.538
5.181 0.685 94.134
44.808 36.493 18.699
0.402 3.718 95.880
18.659 74.102 7.239
1.876 28.823 69.301
31.127 21.923 46.950
12.123 42.459 45.418
12.648 9.527 77.825
52.504 15.766 31.730
3.173 1.438 95.389
5.624 54.192 40.184
13.014 9.600 77.386
85.471 12.081 2.448
3.641 0.128 96.231
13.580 29.558 56.862
1.002 22.439 76.559
31.923 26.642 41.435
39.338 53.395 7.266
17.384 5.319 77.297
18.472 14.073 67.455
2.564 20.514 76.922
21.231 3.227 75.542
30.729 7.718 61.553
18.716 60.202 21.082
45.580 32.240 22.181
5.066 6.427 88.507
5.108 86.448 8.444
66.260 1.476 32.264
15.843 4.318 79.839
68.380 18.915 12.705
87.220 9.185 3.595
25.386 22.552 52.062
5.802 60.552 33.647
65.595 14.461 19.944
23.006 22.015 54.979
3.674 88.636 7.691
58.102 14.089 27.808
16.397 82.642 0.961
44.248 39.793 15.958
26.120 63.925 9.955
12.858 53.388 33.753
5.571 27.819 66.610
1.683 2.458 95.859
28.070 23.766 48.164
7.880 87.682 4.437
35.330 28.173 36.497
14.745 27.276 57.979
0.221 27.239 72.539
10.215 73.629 16.156
62.811 21.990 15.198
82.596 12.240 5.164
34.192 1.646 64.162
1.455 0.724 97.821
31.309 12.784 55.907
46.219 0.930 52.852
3.177 4.443 92.380
14.834 37.402 47.765
50.700 37.700 11.600
0.120 10.277 89.602
22.345 17.931 59.725
53.902 8.057 38.041
18.887 7.380 73.733
4.335 70.511 25.153
40.651 25.001 34.349
39.024 54.756 6.220
0.968 0.649 98.383
2.896 71.124 25.980
16.614 13.444 69.942
24.966 40.353 34.681
11.086 68.979 19.935
24.255 37.426 38.319
18.381 68.480 13.138
57.911 24.675 17.414
36.957 10.768 52.275
0.496 0.767 98.737
0.328 1.207 98.465
34.976 50.711 14.313
2.517 20.067 77.416
5.872 61.976 32.151
28.403 40.865 30.732
6.281 0.742 92.978
16.422 61.870 21.708
54.163 8.421 37.416
44.312 0.696 54.991
33.009 8.990 58.000
39.771 40.737 19.492
25.959 13.715 60.326
15.019 71.062 13.919
14.436 17.786 67.779
10.324 25.391 64.284
33.359 12.449 54.192
4.474 2.747 92.779
6.944 54.257 38.798
51.526 1.051 47.423
11.096 61.029 27.876
16.100 32.101 51.799
39.848 22.718 37.434
12.530 3.190 84.280
15.969 2.687 81.344
16.390 37.472 46.138
35.589 5.157 59.255
16.307 55.802 27.891
22.005 49.286 28.709
47.509 19.220 33.271
2.866 1.331 95.804
1.305 28.533 70.162
77.720 13.506 8.774
25.042 7.023 67.934
6.192 4.899 88.910
67.906 1.584 30.509
10.700 6.201 83.099
3.876 11.585 84.539
24.223 3.295 72.481
67.233 0.701 32.066
13.583 64.911 21.506
15.579 17.332 67.089
78.107 20.098 1.794
6.609 28.066 65.325
13.841 10.977 75.182
12.774 80.615 6.610
21.389 8.299 70.312
22.492 38.191 39.317
15.991 46.835 37.175
33.002 20.921 46.077
40.575 45.484 13.941
12.900 66.796 20.304
5.277 4.251 90.472
80.736 6.455 12.809
1.675 95.450 2.875
34.634 7.451 57.915
35.875 20.597 43.529
22.108 39.466 38.426
67.943 11.197 20.859
0.743 0.401 98.856
12.089 34.574 53.337
22.545 11.206 66.250
2.154 65.844 32.002
0.099 11.862 88.040
5.294 58.764 35.942
50.189 3.588 46.223
47.922 17.016 35.063
42.660 0.035 57.305
21.354 14.124 64.522
2.636 80.011 17.353
56.566 38.179 5.255
72.718 25.735 1.547
32.360 12.738 54.903
16.460 5.932 77.609
40.224 36.228 23.548
15.576 42.003 42.421
56.872 4.495 38.633
25.265 33.382 41.353
1.597 4.952 93.451
2.080 18.435 79.485
10.656 65.830 23.515
7.417 8.312 84.271
21.824 32.865 45.311
25.627 45.481 28.892
6.957 51.391 41.652
3.558 20.661 75.781
23.348 48.520 28.132
29.480 20.957 49.562
8.264 6.736 85.000
0.293 0.748 98.959
4.660 6.500 88.839
5.553 37.603 56.844
52.318 19.266 28.416
19.194 22.833 57.973
8.542 52.360 39.097
15.346 60.969 23.685
52.854 6.950 40.196
23.233 3.785 72.982
58.958 31.435 9.607
16.049 14.628 69.323
2.069 17.792 80.139
28.281 9.144 62.575
0.506 7.606 91.888
39.698 24.873 35.429
13.783 1.153 85.064
50.415 35.894 13.691
9.996 22.415 67.589
35.359 14.832 49.809
28.927 29.180 41.893
41.669 19.298 39.033
49.375 25.350 25.275
5.939 16.508 77.554
22.362 29.465 48.173
49.736 28.263 22.001
30.013 5.245 64.742
6.899 33.382 59.719
8.425 31.445 60.131
12.670 38.226 49.104
9.276 1.936 88.787
29.641 30.865 39.494
19.866 51.920 28.214
9.518 60.601 29.881
2.282 15.193 82.525
21.338 2.774 75.887
56.716 23.130 20.154
91.366 4.298 4.337
17.860 1.958 80.181
36.132 18.996 44.871
37.959 30.543 31.498
15.556 46.591 37.852
40.805 39.813 19.382
28.396 43.521 28.083
12.280 4.063 83.657
89.067 7.331 3.601
13.522 3.513 82.965
3.045 7.972 88.983
64.530 26.021 9.449
15.912 31.596 52.492
69.761 1.988 28.251
61.153 2.335 36.512
37.448 36.382 26.170
0.640 28.798 70.562
10.936 85.185 3.879
3.398 20.303 76.299
2.645 1.246 96.109
3.784 72.289 23.927
13.005 32.925 54.070
34.994 15.707 49.300
17.553 7.832 74.615
8.672 0.141 91.186
26.164 63.411 10.425
18.792 23.222 57.985
53.631 0.732 45.637
8.104 8.550 83.346
2.235 26.510 71.255
12.771 7.222 80.007
37.762 17.467 44.771
26.326 22.424 51.250
22.390 9.279 68.331
27.703 2.926 69.372
26.946 3.243 69.811
5.736 13.775 80.490
0.380 78.401 21.220
52.685 2.199 45.116
13.890 7.323 78.787
14.092 12.071 73.836
16.932 4.001 79.067
28.675 3.848 67.476
12.505 11.974 75.521
63.233 15.615 21.152
42.492 7.628 49.879
1.710 96.737 1.553
11.977 5.349 82.675
3.133 40.038 56.829
20.288 62.365 17.347
16.413 15.091 68.496
91.171 6.546 2.283
14.041 81.272 4.688
35.661 19.211 45.128
8.122 7.714 84.164
33.320 2.860 63.820
54.095 35.486 10.419
30.949 0.412 68.639
12.710 1.984 85.305
14.263 26.012 59.725
15.340 23.162 61.498
21.515 4.124 74.361
34.688 22.089 43.223
20.102 11.430 68.468
0.478 4.921 94.601
15.021 18.342 66.637
34.391 0.650 64.959
6.907 28.003 65.090
6.436 3.024 90.539
27.576 50.466 21.958
1.157 16.900 81.942
34.380 46.381 19.239
4.407 38.920 56.673
43.274 25.945 30.781
6.551 67.261 26.188
4.647 14.613 80.740
0.949 2.219 96.832
55.998 17.201 26.801
2.041 4.002 93.957
13.565 33.818 52.617
30.105 1.158 68.737
19.099 77.138 3.763
2.098 0.984 96.918
35.778 12.564 51.659
61.813 9.252 28.935
32.615 47.630 19.755
72.888 26.282 0.830
33.145 10.402 56.453
29.946 4.848 65.206
7.464 3.526 89.010
31.427 16.844 51.729
31.577 25.484 42.940
36.384 47.133 16.483
19.205 19.611 61.184
5.448 4.987 89.566
5.358 87.184 7.459
19.265 0.444 80.291
6.187 5.630 88.183
21.227 29.369 49.403
6.104 16.596 77.300
55.301 37.051 7.648
5.537 16.028 78.436
2.649 47.267 50.084
16.014 75.258 8.728
8.914 5.576 85.510
15.958 45.342 38.701
1.655 27.951 70.394
8.993 18.441 72.567
59.971 33.364 6.665
5.220 91.423 3.357
78.084 9.174 12.741
2.086 70.704 27.210
23.285 49.532 27.183
30.016 18.768 51.216
18.517 27.151 54.332
3.116 17.688 79.196
58.234 30.447 11.319
45.826 44.386 9.787
13.496 0.676 85.827
39.431 29.346 31.223
0.226 35.832 63.942
33.661 19.219 47.121
13.355 49.114 37.532
21.233 61.024 17.743
32.835 16.709 50.456
30.577 18.366 51.057
4.119 2.827 93.054
67.093 4.949 27.958
8.033 87.750 4.218
3.229 0.711 96.060
2.397 7.118 90.484
33.815 49.784 16.401
58.029 20.504 21.467
2.314 0.201 97.485
68.711 20.226 11.063
51.049 47.987 0.964
32.683 23.572 43.745
10.805 35.791 53.404
19.699 24.937 55.364
35.777 15.760 48.463
10.462 61.726 27.812
14.232 11.883 73.885
14.851 78.212 6.937
8.094 44.239 47.667
26.175 70.758 3.067
1.413 0.800 97.787
16.130 0.350 83.520
21.436 8.713 69.851
37.359 46.155 16.486
1.202 1.734 97.064
6.333 17.991 75.677
18.200 64.951 16.849
27.721 7.250 65.029
19.701 11.737 68.563
12.465 14.550 72.985
27.871 15.532 56.597
54.389 30.050 15.561
26.795 59.886 13.318
12.129 10.159 77.712
40.047 13.781 46.171
68.835 18.884 12.281
70.626 26.029 3.345
1.116 92.914 5.969
23.259 34.387 42.354
8.222 20.129 71.648
3.114 60.944 35.942
13.404 10.184 76.412
0.190 0.151 99.658
0.034 35.184 64.782
13.667 10.851 75.481
5.495 8.134 86.370
33.715 10.397 55.889
7.821 4.765 87.414
9.815 7.470 82.714
2.506 21.930 75.564
37.985 56.824 5.191
36.449 46.266 17.286
62.333 6.105 31.562
4.177 18.571 77.252
19.563 21.844 58.592
27.874 13.039 59.087
5.732 80.856 13.413
10.994 32.107 56.899
0.471 7.492 92.038
10.916 12.220 76.864
65.182 5.898 28.919
49.435 12.200 38.365
6.841 11.196 81.964
38.232 47.821 13.947
