13
0 656102169 156207718 153581802 591846252 996730636 989688291 529517089 466941027 866882912 51701976 791025597 828970895
656102169 0 60895976 246342838 37303369 865082827 104721758 917798629 138481447 925493140 690831551 698363137 36110527
156207718 60895976 0 171404365 98819070 131847234 102783430 71639638 589609209 101204495 328220533 951618260 213720950
153581802 246342838 171404365 0 636456481 37317854 129143228 582463333 206348641 732118393 96454532 146339886 644782303
591846252 37303369 98819070 636456481 0 950386783 898463744 278133057 948996628 326819517 186170589 114185692 713672128
996730636 865082827 131847234 37317854 950386783 0 578248411 482547255 46568167 835693910 15407636 156724716 131200851
989688291 104721758 102783430 129143228 898463744 578248411 0 969204017 217907365 788141380 958645604 232607890 585745492
529517089 917798629 71639638 582463333 278133057 482547255 969204017 0 312394766 620965298 502017404 11759612 496565331
466941027 138481447 589609209 206348641 948996628 46568167 217907365 312394766 0 298713698 683512315 974725175 510087223
866882912 925493140 101204495 732118393 326819517 835693910 788141380 620965298 298713698 0 224552388 43934560 685743201
51701976 690831551 328220533 96454532 186170589 15407636 958645604 502017404 683512315 224552388 0 103925578 106179583
791025597 698363137 951618260 146339886 114185692 156724716 232607890 11759612 974725175 43934560 103925578 0 760792814
828970895 36110527 213720950 644782303 713672128 131200851 585745492 496565331 510087223 685743201 106179583 760792814 0
