12
0 385905225 708731384 643576274 905868039 118039089 931009742 846638417 901570727 252926267 663314436 343205779
385905225 0 112057942 491920368 980023842 529638073 440864368 111769347 160152345 129757967 113283777 6748535
708731384 112057942 0 182887166 581471568 196752332 365397339 182250943 193587803 712613801 426971725 11176934
643576274 491920368 182887166 0 854210738 959481950 499895431 915887299 361082237 100612621 596705169 540619844
905868039 980023842 581471568 854210738 0 319117574 985439368 240153744 906726504 270777313 228162194 20107146
118039089 529638073 196752332 959481950 319117574 0 745661287 825663308 602237752 740276715 198482722 682098563
931009742 440864368 365397339 499895431 985439368 745661287 0 922224911 740565312 137305999 952647591 218314491
846638417 111769347 182250943 915887299 240153744 825663308 922224911 0 934218149 23132363 168635405 313534558
901570727 160152345 193587803 361082237 906726504 602237752 740565312 934218149 0 47279059 191855584 264102666
252926267 129757967 712613801 100612621 270777313 740276715 137305999 23132363 47279059 0 98066490 231772782
663314436 113283777 426971725 596705169 228162194 198482722 952647591 168635405 191855584 98066490 0 163575002
343205779 6748535 11176934 540619844 20107146 682098563 218314491 313534558 264102666 231772782 163575002 0
